331.640625	0.7
346.484375	0.8
356.0546875	0.9
362.6953125	1
367.96875	1.1
371.875	1.2
375.390625	1.3
378.125	1.4
380.46875	1.5
382.421875	1.6
384.1796875	1.7
385.546875	1.8
386.9140625	1.9
387.890625	2
389.0625	2.1
389.84375	2.2
390.625	2.3
391.40625	2.4
391.9921875	2.5
392.578125	2.6
392.96875	2.7
393.359375	2.8
393.9453125	2.9
394.140625	3
394.53125	3.1
394.921875	3.2
395.1171875	3.3
395.5078125	3.4
395.703125	3.5
395.8984375	3.6
396.09375	3.7
396.2890625	3.8
396.484375	3.9
396.6796875	4
396.875	4.1
396.875	4.2
397.0703125	4.3
397.265625	4.4
397.265625	4.5
397.4609375	4.6
397.4609375	4.7
397.65625	4.8
397.65625	4.9
397.8515625	5
397.8515625	5.1
398.046875	5.2
398.046875	5.3
398.046875	5.4
398.2421875	5.5
398.2421875	5.6
398.2421875	5.7
398.4375	5.8
398.4375	5.9
398.4375	6
398.4375	6.1
398.6328125	6.2
398.6328125	6.3
398.6328125	6.4
398.6328125	6.5
398.828125	6.6
398.828125	6.7
398.828125	6.8
398.828125	6.9
398.828125	7
398.828125	7.1
399.0234375	7.2
399.0234375	7.3
399.0234375	7.4
399.0234375	7.5
399.0234375	7.6
399.0234375	7.7
399.0234375	7.8
399.0234375	7.9
399.21875	8
399.21875	8.1
399.21875	8.2
399.21875	8.3
399.21875	8.4
399.21875	8.5
399.21875	8.6
399.21875	8.7
399.21875	8.8
399.21875	8.9
399.21875	9
399.4140625	9.1
399.4140625	9.2
399.4140625	9.3
399.4140625	9.4
399.4140625	9.5
399.4140625	9.6
399.4140625	9.7
399.4140625	9.8
399.4140625	9.9
399.4140625	10
399.4140625	10.1
399.4140625	10.2
399.4140625	10.3
399.4140625	10.4
399.4140625	10.5
399.4140625	10.6
399.609375	10.7
399.609375	10.8
399.609375	10.9
399.609375	11
399.609375	11.1
399.609375	11.2
399.609375	11.3
399.609375	11.4
399.609375	11.5
399.609375	11.6
399.609375	11.7
399.609375	11.8
399.609375	11.9
399.609375	12
399.609375	12.1
399.609375	12.2
399.609375	12.3
399.609375	12.4
399.609375	12.5
399.609375	12.6
399.609375	12.7
399.609375	12.8
399.609375	12.9
399.609375	13
399.609375	13.1
399.609375	13.2
399.609375	13.3
399.609375	13.4
399.609375	13.5
399.609375	13.6
399.609375	13.7
399.609375	13.8
399.8046875	13.9
399.8046875	14
399.8046875	14.1
399.8046875	14.2
399.8046875	14.3
399.8046875	14.4
399.8046875	14.5
399.8046875	14.6
399.8046875	14.7
399.8046875	14.8
399.8046875	14.9
399.8046875	15
399.8046875	15.1
399.8046875	15.2
399.8046875	15.3
399.8046875	15.4
399.8046875	15.5
399.8046875	15.6
399.8046875	15.7
399.8046875	15.8
399.8046875	15.9
399.8046875	16
399.8046875	16.1
399.8046875	16.2
399.8046875	16.3
399.8046875	16.4
399.8046875	16.5
399.8046875	16.6
399.8046875	16.7
399.8046875	16.8
399.8046875	16.9
399.8046875	17
399.8046875	17.1
399.8046875	17.2
399.8046875	17.3
399.8046875	17.4
399.8046875	17.5
399.8046875	17.6
399.8046875	17.7
399.8046875	17.8
399.8046875	17.9
399.8046875	18
399.8046875	18.1
399.8046875	18.2
399.8046875	18.3
399.8046875	18.4
399.8046875	18.5
399.8046875	18.6
399.8046875	18.7
399.8046875	18.8
399.8046875	18.9
399.8046875	19
399.8046875	19.1
399.8046875	19.2
399.8046875	19.3
399.8046875	19.4
399.8046875	19.5
399.8046875	19.6
399.8046875	19.7
399.8046875	19.8
399.8046875	19.9
399.8046875	20
399.8046875	20.1
399.8046875	20.2
399.8046875	20.3
399.8046875	20.4
399.8046875	20.5
399.8046875	20.6
399.8046875	20.7
399.8046875	20.8
399.8046875	20.9
399.8046875	21
399.8046875	21.1
399.8046875	21.2
399.8046875	21.3
399.8046875	21.4
399.8046875	21.5
399.8046875	21.6
399.8046875	21.7
399.8046875	21.8
399.8046875	21.9
399.8046875	22
399.8046875	22.1
399.8046875	22.2
399.8046875	22.3
399.8046875	22.4
399.8046875	22.5
399.8046875	22.6
399.8046875	22.7
399.8046875	22.8
399.8046875	22.9
399.8046875	23
399.8046875	23.1
399.8046875	23.2
399.8046875	23.3
399.8046875	23.4
399.8046875	23.5
400	23.6
400	23.7
400	23.8
400	23.9
400	24
400	24.1
400	24.2
400	24.3
400	24.4
400	24.5
400	24.6
400	24.7
400	24.8
400	24.9
400	25
400	25.1
400	25.2
400	25.3
400	25.4
400	25.5
400	25.6
400	25.7
400	25.8
400	25.9
400	26
400	26.1
400	26.2
400	26.3
400	26.4
400	26.5
400	26.6
400	26.7
400	26.8
400	26.9
400	27
400	27.1
400	27.2
400	27.3
400	27.4
400	27.5
400	27.6
400	27.7
400	27.8
400	27.9
400	28
400	28.1
400	28.2
400	28.3
400	28.4
400	28.5
400	28.6
400	28.7
400	28.8
400	28.9
400	29
400	29.1
400	29.2
400	29.3
400	29.4
400	29.5
400	29.6
400	29.7
400	29.8
400	29.9
400	30
400	30.1
400	30.2
400	30.3
400	30.4
400	30.5
400	30.6
400	30.7
400	30.8
400	30.9
400	31
400	31.1
400	31.2
400	31.3
400	31.4
400	31.5
400	31.6
400	31.7
400	31.8
400	31.9
400	32
400	32.1
400	32.2
400	32.3
400	32.4
400	32.5
400	32.6
400	32.7
400	32.8
400	32.9
400	33
400	33.1
400	33.2
400	33.3
400	33.4
400	33.5
400	33.6
400	33.7
400	33.8
400	33.9
400	34
400	34.1
400	34.2
400	34.3
400	34.4
400	34.5
400	34.6
400	34.7
400	34.8
400	34.9
400	35
400	35.1
400	35.2
400	35.3
400	35.4
400	35.5
400	35.6
400	35.7
400	35.8
400	35.9
400	36
400	36.1
400	36.2
400	36.3
400	36.4
400	36.5
400	36.6
400	36.7
400	36.8
400	36.9
400	37
400	37.1
400	37.2
400	37.3
400	37.4
400	37.5
400	37.6
400	37.7
400	37.8
400	37.9
400	38
400	38.1
400	38.2
400	38.3
400	38.4
400	38.5
400	38.6
400	38.7
400	38.8
400	38.9
400	39
400	39.1
400	39.2
400	39.3
400	39.4
400	39.5
400	39.6
400	39.7
400	39.8
400	39.9
400	40
400	40.1
400	40.2
400	40.3
400	40.4
400	40.5
400	40.6
400	40.7
400	40.8
400	40.9
400	41
400	41.1
400	41.2
400	41.3
400	41.4
400	41.5
400	41.6
400	41.7
400	41.8
400	41.9
400	42
400	42.1
400	42.2
400	42.3
400	42.4
400	42.5
400	42.6
400	42.7
400	42.8
400	42.9
400	43
400	43.1
400	43.2
400	43.3
400	43.4
400	43.5
400	43.6
400	43.7
400	43.8
400	43.9
400	44
400	44.1
400	44.2
400	44.3
400	44.4
400	44.5
400	44.6
400	44.7
400	44.8
400	44.9
400	45
400	45.1
400	45.2
400	45.3
400	45.4
400	45.5
400	45.6
400	45.7
400	45.8
400	45.9
400	46
400	46.1
400	46.2
400	46.3
400	46.4
400	46.5
400	46.6
400	46.7
400	46.8
400	46.9
400	47
400	47.1
400	47.2
400	47.3
400	47.4
400	47.5
400	47.6
400	47.7
400	47.8
400	47.9
400	48
400	48.1
400	48.2
400	48.3
400	48.4
400	48.5
400	48.6
400	48.7
400	48.8
400	48.9
400	49
400	49.1
400	49.2
400	49.3
400	49.4
400	49.5
400	49.6
400	49.7
400	49.8
400	49.9
400	50
319.4335938	0.4
337.3046875	0.5
380.078125	0.6
396.484375	0.7
406.4453125	0.8
413.4765625	0.9
418.75	1
422.8515625	1.1
426.2207031	1.2
429.0039063	1.3
431.3476563	1.4
433.2519531	1.5
434.8632813	1.6
436.328125	1.7
437.5	1.8
438.671875	1.9
439.5507813	2
440.4296875	2.1
441.3085938	2.2
441.8945313	2.3
442.4804688	2.4
443.0664063	2.5
443.5058594	2.6
443.9453125	2.7
444.2382813	2.8
444.6777344	2.9
444.9707031	3
445.2636719	3.1
445.5566406	3.2
445.8496094	3.3
445.9960938	3.4
446.2890625	3.5
446.4355469	3.6
446.5820313	3.7
446.875	3.8
446.875	3.9
447.1679688	4
447.1679688	4.1
447.3144531	4.2
447.4609375	4.3
447.6074219	4.4
447.7539063	4.5
447.7539063	4.6
447.9003906	4.7
448.046875	4.8
448.046875	4.9
448.046875	5
448.1933594	5.1
448.3398438	5.2
448.3398438	5.3
448.3398438	5.4
448.3398438	5.5
448.4863281	5.6
448.6328125	5.7
448.6328125	5.8
448.6328125	5.9
448.6328125	6
448.6328125	6.1
448.7792969	6.2
448.7792969	6.3
448.9257813	6.4
448.9257813	6.5
448.9257813	6.6
448.9257813	6.7
448.9257813	6.8
448.9257813	6.9
448.9257813	7
449.0722656	7.1
449.0722656	7.2
449.0722656	7.3
449.21875	7.4
449.21875	7.5
449.21875	7.6
449.21875	7.7
449.21875	7.8
449.21875	7.9
449.21875	8
449.21875	8.1
449.21875	8.2
449.21875	8.3
449.3652344	8.4
449.3652344	8.5
449.3652344	8.6
449.3652344	8.7
449.3652344	8.8
449.3652344	8.9
449.3652344	9
449.5117188	9.1
449.5117188	9.2
449.5117188	9.3
449.5117188	9.4
449.5117188	9.5
449.5117188	9.6
449.5117188	9.7
449.5117188	9.8
449.5117188	9.9
449.5117188	10
449.5117188	10.1
449.5117188	10.2
449.5117188	10.3
449.5117188	10.4
449.5117188	10.5
449.5117188	10.6
449.5117188	10.7
449.5117188	10.8
449.5117188	10.9
449.5117188	11
449.5117188	11.1
449.6582031	11.2
449.6582031	11.3
449.6582031	11.4
449.6582031	11.5
449.6582031	11.6
449.6582031	11.7
449.6582031	11.8
449.6582031	11.9
449.6582031	12
449.6582031	12.1
449.6582031	12.2
449.6582031	12.3
449.6582031	12.4
449.6582031	12.5
449.6582031	12.6
449.6582031	12.7
449.8046875	12.8
449.8046875	12.9
449.8046875	13
449.8046875	13.1
449.8046875	13.2
449.8046875	13.3
449.8046875	13.4
449.8046875	13.5
449.8046875	13.6
449.8046875	13.7
449.8046875	13.8
449.8046875	13.9
449.8046875	14
449.8046875	14.1
449.8046875	14.2
449.8046875	14.3
449.8046875	14.4
449.8046875	14.5
449.8046875	14.6
449.8046875	14.7
449.8046875	14.8
449.8046875	14.9
449.8046875	15
449.8046875	15.1
449.8046875	15.2
449.8046875	15.3
449.8046875	15.4
449.8046875	15.5
449.8046875	15.6
449.8046875	15.7
449.8046875	15.8
449.8046875	15.9
449.8046875	16
449.8046875	16.1
449.8046875	16.2
449.8046875	16.3
449.8046875	16.4
449.8046875	16.5
449.8046875	16.6
449.8046875	16.7
449.8046875	16.8
449.8046875	16.9
449.8046875	17
449.8046875	17.1
449.8046875	17.2
449.8046875	17.3
449.8046875	17.4
449.8046875	17.5
449.8046875	17.6
449.8046875	17.7
449.8046875	17.8
449.8046875	17.9
449.8046875	18
449.8046875	18.1
449.8046875	18.2
449.8046875	18.3
449.8046875	18.4
449.8046875	18.5
449.8046875	18.6
449.8046875	18.7
449.8046875	18.8
449.8046875	18.9
449.8046875	19
449.8046875	19.1
449.8046875	19.2
449.8046875	19.3
449.8046875	19.4
449.8046875	19.5
449.8046875	19.6
449.8046875	19.7
449.8046875	19.8
449.8046875	19.9
449.8046875	20
449.8046875	20.1
449.8046875	20.2
449.8046875	20.3
449.8046875	20.4
449.8046875	20.5
449.8046875	20.6
449.8046875	20.7
449.8046875	20.8
449.8046875	20.9
449.8046875	21
449.8046875	21.1
449.8046875	21.2
449.8046875	21.3
449.8046875	21.4
449.8046875	21.5
449.8046875	21.6
449.8046875	21.7
449.8046875	21.8
449.8046875	21.9
449.8046875	22
449.8046875	22.1
449.8046875	22.2
449.8046875	22.3
449.8046875	22.4
449.8046875	22.5
449.9511719	22.6
449.9511719	22.7
449.9511719	22.8
449.9511719	22.9
449.9511719	23
449.9511719	23.1
449.9511719	23.2
449.9511719	23.3
449.9511719	23.4
449.9511719	23.5
449.9511719	23.6
449.9511719	23.7
449.9511719	23.8
449.9511719	23.9
449.9511719	24
449.9511719	24.1
449.9511719	24.2
449.9511719	24.3
449.9511719	24.4
449.9511719	24.5
449.9511719	24.6
449.9511719	24.7
449.9511719	24.8
449.9511719	24.9
449.9511719	25
449.9511719	25.1
449.9511719	25.2
449.9511719	25.3
449.9511719	25.4
449.9511719	25.5
449.9511719	25.6
449.9511719	25.7
449.9511719	25.8
449.9511719	25.9
449.9511719	26
449.9511719	26.1
449.9511719	26.2
449.9511719	26.3
449.9511719	26.4
449.9511719	26.5
449.9511719	26.6
449.9511719	26.7
449.9511719	26.8
449.9511719	26.9
449.9511719	27
449.9511719	27.1
449.9511719	27.2
449.9511719	27.3
449.9511719	27.4
449.9511719	27.5
449.9511719	27.6
449.9511719	27.7
449.9511719	27.8
449.9511719	27.9
449.9511719	28
449.9511719	28.1
449.9511719	28.2
449.9511719	28.3
449.9511719	28.4
449.9511719	28.5
449.9511719	28.6
449.9511719	28.7
449.9511719	28.8
449.9511719	28.9
449.9511719	29
449.9511719	29.1
449.9511719	29.2
449.9511719	29.3
449.9511719	29.4
449.9511719	29.5
449.9511719	29.6
449.9511719	29.7
449.9511719	29.8
449.9511719	29.9
449.9511719	30
449.9511719	30.1
449.9511719	30.2
449.9511719	30.3
449.9511719	30.4
449.9511719	30.5
449.9511719	30.6
449.9511719	30.7
449.9511719	30.8
449.9511719	30.9
449.9511719	31
449.9511719	31.1
449.9511719	31.2
449.9511719	31.3
449.9511719	31.4
449.9511719	31.5
449.9511719	31.6
449.9511719	31.7
449.9511719	31.8
449.9511719	31.9
449.9511719	32
449.9511719	32.1
449.9511719	32.2
449.9511719	32.3
449.9511719	32.4
449.9511719	32.5
449.9511719	32.6
449.9511719	32.7
449.9511719	32.8
449.9511719	32.9
449.9511719	33
449.9511719	33.1
449.9511719	33.2
449.9511719	33.3
449.9511719	33.4
449.9511719	33.5
449.9511719	33.6
449.9511719	33.7
449.9511719	33.8
449.9511719	33.9
449.9511719	34
449.9511719	34.1
449.9511719	34.2
449.9511719	34.3
449.9511719	34.4
449.9511719	34.5
449.9511719	34.6
449.9511719	34.7
449.9511719	34.8
449.9511719	34.9
449.9511719	35
449.9511719	35.1
449.9511719	35.2
449.9511719	35.3
449.9511719	35.4
449.9511719	35.5
449.9511719	35.6
449.9511719	35.7
449.9511719	35.8
449.9511719	35.9
449.9511719	36
449.9511719	36.1
449.9511719	36.2
449.9511719	36.3
449.9511719	36.4
449.9511719	36.5
449.9511719	36.6
449.9511719	36.7
449.9511719	36.8
449.9511719	36.9
449.9511719	37
449.9511719	37.1
449.9511719	37.2
449.9511719	37.3
449.9511719	37.4
449.9511719	37.5
449.9511719	37.6
449.9511719	37.7
449.9511719	37.8
449.9511719	37.9
449.9511719	38
449.9511719	38.1
449.9511719	38.2
449.9511719	38.3
449.9511719	38.4
449.9511719	38.5
449.9511719	38.6
449.9511719	38.7
449.9511719	38.8
449.9511719	38.9
449.9511719	39
449.9511719	39.1
449.9511719	39.2
449.9511719	39.3
449.9511719	39.4
449.9511719	39.5
449.9511719	39.6
449.9511719	39.7
449.9511719	39.8
449.9511719	39.9
449.9511719	40
449.9511719	40.1
449.9511719	40.2
449.9511719	40.3
449.9511719	40.4
449.9511719	40.5
449.9511719	40.6
449.9511719	40.7
449.9511719	40.8
449.9511719	40.9
449.9511719	41
449.9511719	41.1
449.9511719	41.2
449.9511719	41.3
449.9511719	41.4
449.9511719	41.5
449.9511719	41.6
449.9511719	41.7
449.9511719	41.8
449.9511719	41.9
449.9511719	42
449.9511719	42.1
449.9511719	42.2
449.9511719	42.3
449.9511719	42.4
449.9511719	42.5
449.9511719	42.6
449.9511719	42.7
449.9511719	42.8
449.9511719	42.9
449.9511719	43
449.9511719	43.1
449.9511719	43.2
449.9511719	43.3
449.9511719	43.4
449.9511719	43.5
449.9511719	43.6
449.9511719	43.7
449.9511719	43.8
449.9511719	43.9
449.9511719	44
449.9511719	44.1
449.9511719	44.2
449.9511719	44.3
449.9511719	44.4
449.9511719	44.5
449.9511719	44.6
449.9511719	44.7
449.9511719	44.8
449.9511719	44.9
449.9511719	45
449.9511719	45.1
449.9511719	45.2
449.9511719	45.3
449.9511719	45.4
449.9511719	45.5
449.9511719	45.6
449.9511719	45.7
449.9511719	45.8
449.9511719	45.9
449.9511719	46
449.9511719	46.1
449.9511719	46.2
449.9511719	46.3
449.9511719	46.4
449.9511719	46.5
449.9511719	46.6
449.9511719	46.7
449.9511719	46.8
449.9511719	46.9
449.9511719	47
449.9511719	47.1
449.9511719	47.2
449.9511719	47.3
449.9511719	47.4
449.9511719	47.5
449.9511719	47.6
449.9511719	47.7
449.9511719	47.8
449.9511719	47.9
449.9511719	48
449.9511719	48.1
449.9511719	48.2
449.9511719	48.3
449.9511719	48.4
449.9511719	48.5
449.9511719	48.6
449.9511719	48.7
449.9511719	48.8
449.9511719	48.9
449.9511719	49
449.9511719	49.1
449.9511719	49.2
449.9511719	49.3
449.9511719	49.4
449.9511719	49.5
449.9511719	49.6
449.9511719	49.7
449.9511719	49.8
449.9511719	49.9
449.9511719	50
389.3554688	0.4
420.703125	0.5
442.96875	0.6
454.9804688	0.7
462.890625	0.8
468.4570313	0.9
472.8515625	1
476.3671875	1.1
479.296875	1.2
481.640625	1.3
483.5449219	1.4
485.15625	1.5
486.6210938	1.6
487.9394531	1.7
488.9648438	1.8
489.9902344	1.9
490.8691406	2
491.6015625	2.1
492.1875	2.2
492.7734375	2.3
493.359375	2.4
493.7988281	2.5
494.2382813	2.6
494.53125	2.7
494.9707031	2.8
495.2636719	2.9
495.5566406	3
495.8496094	3.1
495.9960938	3.2
496.2890625	3.3
496.5820313	3.4
496.7285156	3.5
496.875	3.6
497.0214844	3.7
497.1679688	3.8
497.3144531	3.9
497.4609375	4
497.4609375	4.1
497.7539063	4.2
497.7539063	4.3
497.9003906	4.4
498.046875	4.5
498.046875	4.6
498.046875	4.7
498.1933594	4.8
498.3398438	4.9
498.3398438	5
498.3398438	5.1
498.4863281	5.2
498.4863281	5.3
498.6328125	5.4
498.6328125	5.5
498.6328125	5.6
498.6328125	5.7
498.7792969	5.8
498.7792969	5.9
498.9257813	6
498.9257813	6.1
498.9257813	6.2
498.9257813	6.3
498.9257813	6.4
498.9257813	6.5
499.0722656	6.6
499.0722656	6.7
499.0722656	6.8
499.0722656	6.9
499.21875	7
499.21875	7.1
499.21875	7.2
499.21875	7.3
499.21875	7.4
499.21875	7.5
499.21875	7.6
499.21875	7.7
499.21875	7.8
499.3652344	7.9
499.3652344	8
499.3652344	8.1
499.3652344	8.2
499.3652344	8.3
499.3652344	8.4
499.3652344	8.5
499.5117188	8.6
499.5117188	8.7
499.5117188	8.8
499.5117188	8.9
499.5117188	9
499.5117188	9.1
499.5117188	9.2
499.5117188	9.3
499.5117188	9.4
499.5117188	9.5
499.5117188	9.6
499.5117188	9.7
499.5117188	9.8
499.5117188	9.9
499.5117188	10
499.5117188	10.1
499.5117188	10.2
499.5117188	10.3
499.5117188	10.4
499.6582031	10.5
499.6582031	10.6
499.6582031	10.7
499.6582031	10.8
499.6582031	10.9
499.6582031	11
499.6582031	11.1
499.6582031	11.2
499.6582031	11.3
499.6582031	11.4
499.6582031	11.5
499.6582031	11.6
499.6582031	11.7
499.6582031	11.8
499.6582031	11.9
499.6582031	12
499.8046875	12.1
499.8046875	12.2
499.8046875	12.3
499.8046875	12.4
499.8046875	12.5
499.8046875	12.6
499.8046875	12.7
499.8046875	12.8
499.8046875	12.9
499.8046875	13
499.8046875	13.1
499.8046875	13.2
499.8046875	13.3
499.8046875	13.4
499.8046875	13.5
499.8046875	13.6
499.8046875	13.7
499.8046875	13.8
499.8046875	13.9
499.8046875	14
499.8046875	14.1
499.8046875	14.2
499.8046875	14.3
499.8046875	14.4
499.8046875	14.5
499.8046875	14.6
499.8046875	14.7
499.8046875	14.8
499.8046875	14.9
499.8046875	15
499.8046875	15.1
499.8046875	15.2
499.8046875	15.3
499.8046875	15.4
499.8046875	15.5
499.8046875	15.6
499.8046875	15.7
499.8046875	15.8
499.8046875	15.9
499.8046875	16
499.8046875	16.1
499.8046875	16.2
499.8046875	16.3
499.8046875	16.4
499.8046875	16.5
499.8046875	16.6
499.8046875	16.7
499.8046875	16.8
499.8046875	16.9
499.8046875	17
499.8046875	17.1
499.8046875	17.2
499.8046875	17.3
499.8046875	17.4
499.8046875	17.5
499.8046875	17.6
499.8046875	17.7
499.8046875	17.8
499.8046875	17.9
499.8046875	18
499.8046875	18.1
499.8046875	18.2
499.8046875	18.3
499.8046875	18.4
499.8046875	18.5
499.8046875	18.6
499.8046875	18.7
499.8046875	18.8
499.8046875	18.9
499.8046875	19
499.8046875	19.1
499.8046875	19.2
499.8046875	19.3
499.8046875	19.4
499.8046875	19.5
499.8046875	19.6
499.8046875	19.7
499.8046875	19.8
499.8046875	19.9
499.8046875	20
499.8046875	20.1
499.8046875	20.2
499.8046875	20.3
499.8046875	20.4
499.8046875	20.5
499.8046875	20.6
499.8046875	20.7
499.8046875	20.8
499.8046875	20.9
499.8046875	21
499.8046875	21.1
499.8046875	21.2
499.9511719	21.3
499.9511719	21.4
499.9511719	21.5
499.9511719	21.6
499.9511719	21.7
499.9511719	21.8
499.9511719	21.9
499.9511719	22
499.9511719	22.1
499.9511719	22.2
499.9511719	22.3
499.9511719	22.4
499.9511719	22.5
499.9511719	22.6
499.9511719	22.7
499.9511719	22.8
499.9511719	22.9
499.9511719	23
499.9511719	23.1
499.9511719	23.2
499.9511719	23.3
499.9511719	23.4
499.9511719	23.5
499.9511719	23.6
499.9511719	23.7
499.9511719	23.8
499.9511719	23.9
499.9511719	24
499.9511719	24.1
499.9511719	24.2
499.9511719	24.3
499.9511719	24.4
499.9511719	24.5
499.9511719	24.6
499.9511719	24.7
499.9511719	24.8
499.9511719	24.9
499.9511719	25
499.9511719	25.1
499.9511719	25.2
499.9511719	25.3
499.9511719	25.4
499.9511719	25.5
499.9511719	25.6
499.9511719	25.7
499.9511719	25.8
499.9511719	25.9
499.9511719	26
499.9511719	26.1
499.9511719	26.2
499.9511719	26.3
499.9511719	26.4
499.9511719	26.5
499.9511719	26.6
499.9511719	26.7
499.9511719	26.8
499.9511719	26.9
499.9511719	27
499.9511719	27.1
499.9511719	27.2
499.9511719	27.3
499.9511719	27.4
499.9511719	27.5
499.9511719	27.6
499.9511719	27.7
499.9511719	27.8
499.9511719	27.9
499.9511719	28
499.9511719	28.1
499.9511719	28.2
499.9511719	28.3
499.9511719	28.4
499.9511719	28.5
499.9511719	28.6
499.9511719	28.7
499.9511719	28.8
499.9511719	28.9
499.9511719	29
499.9511719	29.1
499.9511719	29.2
499.9511719	29.3
499.9511719	29.4
499.9511719	29.5
499.9511719	29.6
499.9511719	29.7
499.9511719	29.8
499.9511719	29.9
499.9511719	30
499.9511719	30.1
499.9511719	30.2
499.9511719	30.3
499.9511719	30.4
499.9511719	30.5
499.9511719	30.6
499.9511719	30.7
499.9511719	30.8
499.9511719	30.9
499.9511719	31
499.9511719	31.1
499.9511719	31.2
499.9511719	31.3
499.9511719	31.4
499.9511719	31.5
499.9511719	31.6
499.9511719	31.7
499.9511719	31.8
499.9511719	31.9
499.9511719	32
499.9511719	32.1
499.9511719	32.2
499.9511719	32.3
499.9511719	32.4
499.9511719	32.5
499.9511719	32.6
499.9511719	32.7
499.9511719	32.8
499.9511719	32.9
499.9511719	33
499.9511719	33.1
499.9511719	33.2
499.9511719	33.3
499.9511719	33.4
499.9511719	33.5
499.9511719	33.6
499.9511719	33.7
499.9511719	33.8
499.9511719	33.9
499.9511719	34
499.9511719	34.1
499.9511719	34.2
499.9511719	34.3
499.9511719	34.4
499.9511719	34.5
499.9511719	34.6
499.9511719	34.7
499.9511719	34.8
499.9511719	34.9
499.9511719	35
499.9511719	35.1
499.9511719	35.2
499.9511719	35.3
499.9511719	35.4
499.9511719	35.5
499.9511719	35.6
499.9511719	35.7
499.9511719	35.8
499.9511719	35.9
499.9511719	36
499.9511719	36.1
499.9511719	36.2
499.9511719	36.3
499.9511719	36.4
499.9511719	36.5
499.9511719	36.6
499.9511719	36.7
499.9511719	36.8
499.9511719	36.9
499.9511719	37
499.9511719	37.1
499.9511719	37.2
499.9511719	37.3
499.9511719	37.4
499.9511719	37.5
499.9511719	37.6
499.9511719	37.7
499.9511719	37.8
499.9511719	37.9
499.9511719	38
499.9511719	38.1
499.9511719	38.2
499.9511719	38.3
499.9511719	38.4
499.9511719	38.5
499.9511719	38.6
499.9511719	38.7
499.9511719	38.8
499.9511719	38.9
499.9511719	39
499.9511719	39.1
499.9511719	39.2
499.9511719	39.3
499.9511719	39.4
499.9511719	39.5
499.9511719	39.6
499.9511719	39.7
499.9511719	39.8
499.9511719	39.9
499.9511719	40
499.9511719	40.1
499.9511719	40.2
499.9511719	40.3
499.9511719	40.4
499.9511719	40.5
499.9511719	40.6
499.9511719	40.7
499.9511719	40.8
499.9511719	40.9
499.9511719	41
499.9511719	41.1
499.9511719	41.2
499.9511719	41.3
499.9511719	41.4
499.9511719	41.5
499.9511719	41.6
499.9511719	41.7
499.9511719	41.8
499.9511719	41.9
499.9511719	42
499.9511719	42.1
499.9511719	42.2
499.9511719	42.3
499.9511719	42.4
499.9511719	42.5
499.9511719	42.6
499.9511719	42.7
499.9511719	42.8
499.9511719	42.9
499.9511719	43
499.9511719	43.1
499.9511719	43.2
499.9511719	43.3
499.9511719	43.4
499.9511719	43.5
499.9511719	43.6
499.9511719	43.7
499.9511719	43.8
499.9511719	43.9
499.9511719	44
499.9511719	44.1
499.9511719	44.2
499.9511719	44.3
499.9511719	44.4
499.9511719	44.5
499.9511719	44.6
499.9511719	44.7
499.9511719	44.8
499.9511719	44.9
499.9511719	45
499.9511719	45.1
499.9511719	45.2
499.9511719	45.3
499.9511719	45.4
499.9511719	45.5
499.9511719	45.6
499.9511719	45.7
499.9511719	45.8
499.9511719	45.9
499.9511719	46
499.9511719	46.1
499.9511719	46.2
499.9511719	46.3
499.9511719	46.4
499.9511719	46.5
499.9511719	46.6
499.9511719	46.7
499.9511719	46.8
499.9511719	46.9
499.9511719	47
499.9511719	47.1
499.9511719	47.2
499.9511719	47.3
499.9511719	47.4
499.9511719	47.5
499.9511719	47.6
499.9511719	47.7
499.9511719	47.8
499.9511719	47.9
499.9511719	48
499.9511719	48.1
499.9511719	48.2
499.9511719	48.3
499.9511719	48.4
499.9511719	48.5
499.9511719	48.6
499.9511719	48.7
499.9511719	48.8
499.9511719	48.9
499.9511719	49
499.9511719	49.1
499.9511719	49.2
499.9511719	49.3
499.9511719	49.4
499.9511719	49.5
499.9511719	49.6
499.9511719	49.7
499.9511719	49.8
499.9511719	49.9
499.9511719	50
453.125	0.4
484.4726563	0.5
501.0253906	0.6
510.8398438	0.7
517.2851563	0.8
522.265625	0.9
525.9277344	1
529.0039063	1.1
531.4941406	1.2
533.5449219	1.3
535.3027344	1.4
536.9140625	1.5
538.0859375	1.6
539.2578125	1.7
540.1367188	1.8
541.015625	1.9
541.8945313	2
542.4804688	2.1
543.0664063	2.2
543.6523438	2.3
543.9453125	2.4
544.53125	2.5
544.8242188	2.6
545.1171875	2.7
545.4101563	2.8
545.703125	2.9
545.9960938	3
546.2890625	3.1
546.4355469	3.2
546.5820313	3.3
546.875	3.4
547.0214844	3.5
547.1679688	3.6
547.3144531	3.7
547.4609375	3.8
547.6074219	3.9
547.7539063	4
547.7539063	4.1
547.9003906	4.2
548.046875	4.3
548.046875	4.4
548.1933594	4.5
548.1933594	4.6
548.3398438	4.7
548.3398438	4.8
548.3398438	4.9
548.4863281	5
548.6328125	5.1
548.6328125	5.2
548.6328125	5.3
548.6328125	5.4
548.7792969	5.5
548.7792969	5.6
548.9257813	5.7
548.9257813	5.8
548.9257813	5.9
548.9257813	6
548.9257813	6.1
548.9257813	6.2
549.0722656	6.3
549.0722656	6.4
549.0722656	6.5
549.21875	6.6
549.21875	6.7
549.21875	6.8
549.21875	6.9
549.21875	7
549.21875	7.1
549.21875	7.2
549.21875	7.3
549.21875	7.4
549.3652344	7.5
549.3652344	7.6
549.3652344	7.7
549.3652344	7.8
549.3652344	7.9
549.3652344	8
549.5117188	8.1
549.5117188	8.2
549.5117188	8.3
549.5117188	8.4
549.5117188	8.5
549.5117188	8.6
549.5117188	8.7
549.5117188	8.8
549.5117188	8.9
549.5117188	9
549.5117188	9.1
549.5117188	9.2
549.5117188	9.3
549.5117188	9.4
549.5117188	9.5
549.5117188	9.6
549.5117188	9.7
549.5117188	9.8
549.5117188	9.9
549.6582031	10
549.6582031	10.1
549.6582031	10.2
549.6582031	10.3
549.6582031	10.4
549.6582031	10.5
549.6582031	10.6
549.6582031	10.7
549.6582031	10.8
549.6582031	10.9
549.6582031	11
549.6582031	11.1
549.6582031	11.2
549.6582031	11.3
549.6582031	11.4
549.8046875	11.5
549.8046875	11.6
549.8046875	11.7
549.8046875	11.8
549.8046875	11.9
549.8046875	12
549.8046875	12.1
549.8046875	12.2
549.8046875	12.3
549.8046875	12.4
549.8046875	12.5
549.8046875	12.6
549.8046875	12.7
549.8046875	12.8
549.8046875	12.9
549.8046875	13
549.8046875	13.1
549.8046875	13.2
549.8046875	13.3
549.8046875	13.4
549.8046875	13.5
549.8046875	13.6
549.8046875	13.7
549.8046875	13.8
549.8046875	13.9
549.8046875	14
549.8046875	14.1
549.8046875	14.2
549.8046875	14.3
549.8046875	14.4
549.8046875	14.5
549.8046875	14.6
549.8046875	14.7
549.8046875	14.8
549.8046875	14.9
549.8046875	15
549.8046875	15.1
549.8046875	15.2
549.8046875	15.3
549.8046875	15.4
549.8046875	15.5
549.8046875	15.6
549.8046875	15.7
549.8046875	15.8
549.8046875	15.9
549.8046875	16
549.8046875	16.1
549.8046875	16.2
549.8046875	16.3
549.8046875	16.4
549.8046875	16.5
549.8046875	16.6
549.8046875	16.7
549.8046875	16.8
549.8046875	16.9
549.8046875	17
549.8046875	17.1
549.8046875	17.2
549.8046875	17.3
549.8046875	17.4
549.8046875	17.5
549.8046875	17.6
549.8046875	17.7
549.8046875	17.8
549.8046875	17.9
549.8046875	18
549.8046875	18.1
549.8046875	18.2
549.8046875	18.3
549.8046875	18.4
549.8046875	18.5
549.8046875	18.6
549.8046875	18.7
549.8046875	18.8
549.8046875	18.9
549.8046875	19
549.8046875	19.1
549.8046875	19.2
549.8046875	19.3
549.8046875	19.4
549.8046875	19.5
549.8046875	19.6
549.8046875	19.7
549.8046875	19.8
549.8046875	19.9
549.8046875	20
549.8046875	20.1
549.9511719	20.2
549.9511719	20.3
549.9511719	20.4
549.9511719	20.5
549.9511719	20.6
549.9511719	20.7
549.9511719	20.8
549.9511719	20.9
549.9511719	21
549.9511719	21.1
549.9511719	21.2
549.9511719	21.3
549.9511719	21.4
549.9511719	21.5
549.9511719	21.6
549.9511719	21.7
549.9511719	21.8
549.9511719	21.9
549.9511719	22
549.9511719	22.1
549.9511719	22.2
549.9511719	22.3
549.9511719	22.4
549.9511719	22.5
549.9511719	22.6
549.9511719	22.7
549.9511719	22.8
549.9511719	22.9
549.9511719	23
549.9511719	23.1
549.9511719	23.2
549.9511719	23.3
549.9511719	23.4
549.9511719	23.5
549.9511719	23.6
549.9511719	23.7
549.9511719	23.8
549.9511719	23.9
549.9511719	24
549.9511719	24.1
549.9511719	24.2
549.9511719	24.3
549.9511719	24.4
549.9511719	24.5
549.9511719	24.6
549.9511719	24.7
549.9511719	24.8
549.9511719	24.9
549.9511719	25
549.9511719	25.1
549.9511719	25.2
549.9511719	25.3
549.9511719	25.4
549.9511719	25.5
549.9511719	25.6
549.9511719	25.7
549.9511719	25.8
549.9511719	25.9
549.9511719	26
549.9511719	26.1
549.9511719	26.2
549.9511719	26.3
549.9511719	26.4
549.9511719	26.5
549.9511719	26.6
549.9511719	26.7
549.9511719	26.8
549.9511719	26.9
549.9511719	27
549.9511719	27.1
549.9511719	27.2
549.9511719	27.3
549.9511719	27.4
549.9511719	27.5
549.9511719	27.6
549.9511719	27.7
549.9511719	27.8
549.9511719	27.9
549.9511719	28
549.9511719	28.1
549.9511719	28.2
549.9511719	28.3
549.9511719	28.4
549.9511719	28.5
549.9511719	28.6
549.9511719	28.7
549.9511719	28.8
549.9511719	28.9
549.9511719	29
549.9511719	29.1
549.9511719	29.2
549.9511719	29.3
549.9511719	29.4
549.9511719	29.5
549.9511719	29.6
549.9511719	29.7
549.9511719	29.8
549.9511719	29.9
549.9511719	30
549.9511719	30.1
549.9511719	30.2
549.9511719	30.3
549.9511719	30.4
549.9511719	30.5
549.9511719	30.6
549.9511719	30.7
549.9511719	30.8
549.9511719	30.9
549.9511719	31
549.9511719	31.1
549.9511719	31.2
549.9511719	31.3
549.9511719	31.4
549.9511719	31.5
549.9511719	31.6
549.9511719	31.7
549.9511719	31.8
549.9511719	31.9
549.9511719	32
549.9511719	32.1
549.9511719	32.2
549.9511719	32.3
549.9511719	32.4
549.9511719	32.5
549.9511719	32.6
549.9511719	32.7
549.9511719	32.8
549.9511719	32.9
549.9511719	33
549.9511719	33.1
549.9511719	33.2
549.9511719	33.3
549.9511719	33.4
549.9511719	33.5
549.9511719	33.6
549.9511719	33.7
549.9511719	33.8
549.9511719	33.9
549.9511719	34
549.9511719	34.1
549.9511719	34.2
549.9511719	34.3
549.9511719	34.4
549.9511719	34.5
549.9511719	34.6
549.9511719	34.7
549.9511719	34.8
549.9511719	34.9
549.9511719	35
549.9511719	35.1
549.9511719	35.2
549.9511719	35.3
549.9511719	35.4
549.9511719	35.5
549.9511719	35.6
549.9511719	35.7
549.9511719	35.8
549.9511719	35.9
549.9511719	36
549.9511719	36.1
549.9511719	36.2
549.9511719	36.3
549.9511719	36.4
549.9511719	36.5
549.9511719	36.6
549.9511719	36.7
549.9511719	36.8
549.9511719	36.9
549.9511719	37
549.9511719	37.1
549.9511719	37.2
549.9511719	37.3
549.9511719	37.4
549.9511719	37.5
549.9511719	37.6
549.9511719	37.7
549.9511719	37.8
549.9511719	37.9
549.9511719	38
549.9511719	38.1
549.9511719	38.2
549.9511719	38.3
549.9511719	38.4
549.9511719	38.5
549.9511719	38.6
549.9511719	38.7
549.9511719	38.8
549.9511719	38.9
549.9511719	39
549.9511719	39.1
549.9511719	39.2
549.9511719	39.3
549.9511719	39.4
549.9511719	39.5
549.9511719	39.6
549.9511719	39.7
549.9511719	39.8
549.9511719	39.9
549.9511719	40
549.9511719	40.1
549.9511719	40.2
549.9511719	40.3
549.9511719	40.4
549.9511719	40.5
549.9511719	40.6
549.9511719	40.7
549.9511719	40.8
549.9511719	40.9
549.9511719	41
549.9511719	41.1
549.9511719	41.2
549.9511719	41.3
549.9511719	41.4
549.9511719	41.5
549.9511719	41.6
549.9511719	41.7
549.9511719	41.8
549.9511719	41.9
549.9511719	42
549.9511719	42.1
549.9511719	42.2
549.9511719	42.3
549.9511719	42.4
549.9511719	42.5
549.9511719	42.6
549.9511719	42.7
549.9511719	42.8
549.9511719	42.9
549.9511719	43
549.9511719	43.1
549.9511719	43.2
549.9511719	43.3
549.9511719	43.4
549.9511719	43.5
549.9511719	43.6
549.9511719	43.7
549.9511719	43.8
549.9511719	43.9
549.9511719	44
549.9511719	44.1
549.9511719	44.2
549.9511719	44.3
549.9511719	44.4
549.9511719	44.5
549.9511719	44.6
549.9511719	44.7
549.9511719	44.8
549.9511719	44.9
549.9511719	45
549.9511719	45.1
549.9511719	45.2
549.9511719	45.3
549.9511719	45.4
549.9511719	45.5
549.9511719	45.6
549.9511719	45.7
549.9511719	45.8
549.9511719	45.9
549.9511719	46
549.9511719	46.1
549.9511719	46.2
549.9511719	46.3
549.9511719	46.4
549.9511719	46.5
549.9511719	46.6
549.9511719	46.7
549.9511719	46.8
549.9511719	46.9
549.9511719	47
549.9511719	47.1
549.9511719	47.2
549.9511719	47.3
549.9511719	47.4
549.9511719	47.5
549.9511719	47.6
549.9511719	47.7
549.9511719	47.8
549.9511719	47.9
549.9511719	48
549.9511719	48.1
549.9511719	48.2
549.9511719	48.3
549.9511719	48.4
549.9511719	48.5
549.9511719	48.6
549.9511719	48.7
549.9511719	48.8
549.9511719	48.9
549.9511719	49
549.9511719	49.1
549.9511719	49.2
549.9511719	49.3
549.9511719	49.4
549.9511719	49.5
549.9511719	49.6
549.9511719	49.7
549.9511719	49.8
549.9511719	49.9
549.9511719	50
514.84375	0.4
543.2617188	0.5
556.7382813	0.6
564.9414063	0.7
570.8007813	0.8
575.0488281	0.9
578.4179688	1
581.0546875	1.1
583.2519531	1.2
585.15625	1.3
586.6210938	1.4
588.0859375	1.5
589.2578125	1.6
590.1367188	1.7
591.015625	1.8
591.8945313	1.9
592.4804688	2
593.0664063	2.1
593.6523438	2.2
594.2382813	2.3
594.53125	2.4
594.9707031	2.5
595.4101563	2.6
595.703125	2.7
595.9960938	2.8
596.1425781	2.9
596.4355469	3
596.5820313	3.1
596.875	3.2
597.0214844	3.3
597.1679688	3.4
597.3144531	3.5
597.4609375	3.6
597.6074219	3.7
597.7539063	3.8
597.7539063	3.9
597.9003906	4
598.046875	4.1
598.046875	4.2
598.1933594	4.3
598.3398438	4.4
598.3398438	4.5
598.3398438	4.6
598.4863281	4.7
598.4863281	4.8
598.6328125	4.9
598.6328125	5
598.6328125	5.1
598.7792969	5.2
598.7792969	5.3
598.7792969	5.4
598.9257813	5.5
598.9257813	5.6
598.9257813	5.7
598.9257813	5.8
598.9257813	5.9
599.0722656	6
599.0722656	6.1
599.0722656	6.2
599.21875	6.3
599.21875	6.4
599.21875	6.5
599.21875	6.6
599.21875	6.7
599.21875	6.8
599.21875	6.9
599.21875	7
599.21875	7.1
599.3652344	7.2
599.3652344	7.3
599.3652344	7.4
599.3652344	7.5
599.3652344	7.6
599.5117188	7.7
599.5117188	7.8
599.5117188	7.9
599.5117188	8
599.5117188	8.1
599.5117188	8.2
599.5117188	8.3
599.5117188	8.4
599.5117188	8.5
599.5117188	8.6
599.5117188	8.7
599.5117188	8.8
599.5117188	8.9
599.5117188	9
599.5117188	9.1
599.5117188	9.2
599.5117188	9.3
599.5117188	9.4
599.6582031	9.5
599.6582031	9.6
599.6582031	9.7
599.6582031	9.8
599.6582031	9.9
599.6582031	10
599.6582031	10.1
599.6582031	10.2
599.6582031	10.3
599.6582031	10.4
599.6582031	10.5
599.6582031	10.6
599.6582031	10.7
599.6582031	10.8
599.8046875	10.9
599.8046875	11
599.8046875	11.1
599.8046875	11.2
599.8046875	11.3
599.8046875	11.4
599.8046875	11.5
599.8046875	11.6
599.8046875	11.7
599.8046875	11.8
599.8046875	11.9
599.8046875	12
599.8046875	12.1
599.8046875	12.2
599.8046875	12.3
599.8046875	12.4
599.8046875	12.5
599.8046875	12.6
599.8046875	12.7
599.8046875	12.8
599.8046875	12.9
599.8046875	13
599.8046875	13.1
599.8046875	13.2
599.8046875	13.3
599.8046875	13.4
599.8046875	13.5
599.8046875	13.6
599.8046875	13.7
599.8046875	13.8
599.8046875	13.9
599.8046875	14
599.8046875	14.1
599.8046875	14.2
599.8046875	14.3
599.8046875	14.4
599.8046875	14.5
599.8046875	14.6
599.8046875	14.7
599.8046875	14.8
599.8046875	14.9
599.8046875	15
599.8046875	15.1
599.8046875	15.2
599.8046875	15.3
599.8046875	15.4
599.8046875	15.5
599.8046875	15.6
599.8046875	15.7
599.8046875	15.8
599.8046875	15.9
599.8046875	16
599.8046875	16.1
599.8046875	16.2
599.8046875	16.3
599.8046875	16.4
599.8046875	16.5
599.8046875	16.6
599.8046875	16.7
599.8046875	16.8
599.8046875	16.9
599.8046875	17
599.8046875	17.1
599.8046875	17.2
599.8046875	17.3
599.8046875	17.4
599.8046875	17.5
599.8046875	17.6
599.8046875	17.7
599.8046875	17.8
599.8046875	17.9
599.8046875	18
599.8046875	18.1
599.8046875	18.2
599.8046875	18.3
599.8046875	18.4
599.8046875	18.5
599.8046875	18.6
599.8046875	18.7
599.8046875	18.8
599.8046875	18.9
599.8046875	19
599.8046875	19.1
599.9511719	19.2
599.9511719	19.3
599.9511719	19.4
599.9511719	19.5
599.9511719	19.6
599.9511719	19.7
599.9511719	19.8
599.9511719	19.9
599.9511719	20
599.9511719	20.1
599.9511719	20.2
599.9511719	20.3
599.9511719	20.4
599.9511719	20.5
599.9511719	20.6
599.9511719	20.7
599.9511719	20.8
599.9511719	20.9
599.9511719	21
599.9511719	21.1
599.9511719	21.2
599.9511719	21.3
599.9511719	21.4
599.9511719	21.5
599.9511719	21.6
599.9511719	21.7
599.9511719	21.8
599.9511719	21.9
599.9511719	22
599.9511719	22.1
599.9511719	22.2
599.9511719	22.3
599.9511719	22.4
599.9511719	22.5
599.9511719	22.6
599.9511719	22.7
599.9511719	22.8
599.9511719	22.9
599.9511719	23
599.9511719	23.1
599.9511719	23.2
599.9511719	23.3
599.9511719	23.4
599.9511719	23.5
599.9511719	23.6
599.9511719	23.7
599.9511719	23.8
599.9511719	23.9
599.9511719	24
599.9511719	24.1
599.9511719	24.2
599.9511719	24.3
599.9511719	24.4
599.9511719	24.5
599.9511719	24.6
599.9511719	24.7
599.9511719	24.8
599.9511719	24.9
599.9511719	25
599.9511719	25.1
599.9511719	25.2
599.9511719	25.3
599.9511719	25.4
599.9511719	25.5
599.9511719	25.6
599.9511719	25.7
599.9511719	25.8
599.9511719	25.9
599.9511719	26
599.9511719	26.1
599.9511719	26.2
599.9511719	26.3
599.9511719	26.4
599.9511719	26.5
599.9511719	26.6
599.9511719	26.7
599.9511719	26.8
599.9511719	26.9
599.9511719	27
599.9511719	27.1
599.9511719	27.2
599.9511719	27.3
599.9511719	27.4
599.9511719	27.5
599.9511719	27.6
599.9511719	27.7
599.9511719	27.8
599.9511719	27.9
599.9511719	28
599.9511719	28.1
599.9511719	28.2
599.9511719	28.3
599.9511719	28.4
599.9511719	28.5
599.9511719	28.6
599.9511719	28.7
599.9511719	28.8
599.9511719	28.9
599.9511719	29
599.9511719	29.1
599.9511719	29.2
599.9511719	29.3
599.9511719	29.4
599.9511719	29.5
599.9511719	29.6
599.9511719	29.7
599.9511719	29.8
599.9511719	29.9
599.9511719	30
599.9511719	30.1
599.9511719	30.2
599.9511719	30.3
599.9511719	30.4
599.9511719	30.5
599.9511719	30.6
599.9511719	30.7
599.9511719	30.8
599.9511719	30.9
599.9511719	31
599.9511719	31.1
599.9511719	31.2
599.9511719	31.3
599.9511719	31.4
599.9511719	31.5
599.9511719	31.6
599.9511719	31.7
599.9511719	31.8
599.9511719	31.9
599.9511719	32
599.9511719	32.1
599.9511719	32.2
599.9511719	32.3
599.9511719	32.4
599.9511719	32.5
599.9511719	32.6
599.9511719	32.7
599.9511719	32.8
599.9511719	32.9
599.9511719	33
599.9511719	33.1
599.9511719	33.2
599.9511719	33.3
599.9511719	33.4
599.9511719	33.5
599.9511719	33.6
599.9511719	33.7
599.9511719	33.8
599.9511719	33.9
599.9511719	34
599.9511719	34.1
599.9511719	34.2
599.9511719	34.3
599.9511719	34.4
599.9511719	34.5
599.9511719	34.6
599.9511719	34.7
599.9511719	34.8
599.9511719	34.9
599.9511719	35
599.9511719	35.1
599.9511719	35.2
599.9511719	35.3
599.9511719	35.4
599.9511719	35.5
599.9511719	35.6
599.9511719	35.7
599.9511719	35.8
599.9511719	35.9
599.9511719	36
599.9511719	36.1
599.9511719	36.2
599.9511719	36.3
599.9511719	36.4
599.9511719	36.5
599.9511719	36.6
599.9511719	36.7
599.9511719	36.8
599.9511719	36.9
599.9511719	37
599.9511719	37.1
599.9511719	37.2
599.9511719	37.3
599.9511719	37.4
599.9511719	37.5
599.9511719	37.6
599.9511719	37.7
599.9511719	37.8
599.9511719	37.9
599.9511719	38
599.9511719	38.1
599.9511719	38.2
599.9511719	38.3
599.9511719	38.4
599.9511719	38.5
599.9511719	38.6
599.9511719	38.7
599.9511719	38.8
599.9511719	38.9
599.9511719	39
599.9511719	39.1
599.9511719	39.2
599.9511719	39.3
599.9511719	39.4
599.9511719	39.5
599.9511719	39.6
599.9511719	39.7
599.9511719	39.8
599.9511719	39.9
599.9511719	40
599.9511719	40.1
599.9511719	40.2
599.9511719	40.3
599.9511719	40.4
599.9511719	40.5
599.9511719	40.6
599.9511719	40.7
599.9511719	40.8
599.9511719	40.9
599.9511719	41
599.9511719	41.1
599.9511719	41.2
599.9511719	41.3
599.9511719	41.4
599.9511719	41.5
599.9511719	41.6
599.9511719	41.7
599.9511719	41.8
599.9511719	41.9
599.9511719	42
599.9511719	42.1
599.9511719	42.2
599.9511719	42.3
599.9511719	42.4
599.9511719	42.5
599.9511719	42.6
599.9511719	42.7
599.9511719	42.8
599.9511719	42.9
599.9511719	43
599.9511719	43.1
599.9511719	43.2
599.9511719	43.3
599.9511719	43.4
599.9511719	43.5
599.9511719	43.6
599.9511719	43.7
599.9511719	43.8
599.9511719	43.9
599.9511719	44
599.9511719	44.1
599.9511719	44.2
599.9511719	44.3
599.9511719	44.4
599.9511719	44.5
599.9511719	44.6
599.9511719	44.7
599.9511719	44.8
599.9511719	44.9
599.9511719	45
599.9511719	45.1
599.9511719	45.2
599.9511719	45.3
599.9511719	45.4
599.9511719	45.5
599.9511719	45.6
599.9511719	45.7
599.9511719	45.8
599.9511719	45.9
599.9511719	46
599.9511719	46.1
599.9511719	46.2
599.9511719	46.3
599.9511719	46.4
599.9511719	46.5
599.9511719	46.6
599.9511719	46.7
599.9511719	46.8
599.9511719	46.9
599.9511719	47
599.9511719	47.1
599.9511719	47.2
599.9511719	47.3
599.9511719	47.4
599.9511719	47.5
599.9511719	47.6
599.9511719	47.7
599.9511719	47.8
599.9511719	47.9
599.9511719	48
599.9511719	48.1
599.9511719	48.2
599.9511719	48.3
599.9511719	48.4
599.9511719	48.5
599.9511719	48.6
599.9511719	48.7
599.9511719	48.8
599.9511719	48.9
599.9511719	49
599.9511719	49.1
599.9511719	49.2
599.9511719	49.3
599.9511719	49.4
599.9511719	49.5
599.9511719	49.6
599.9511719	49.7
599.9511719	49.8
599.9511719	49.9
599.9511719	50
576.8554688	0.4
599.5605469	0.5
611.1328125	0.6
618.4570313	0.7
623.4375	0.8
627.2460938	0.9
630.3222656	1
632.8125	1.1
634.7167969	1.2
636.4746094	1.3
637.7929688	1.4
639.1113281	1.5
640.1367188	1.6
641.015625	1.7
641.8945313	1.8
642.4804688	1.9
643.2128906	2
643.6523438	2.1
644.2382813	2.2
644.6777344	2.3
645.1171875	2.4
645.4101563	2.5
645.703125	2.6
645.9960938	2.7
646.2890625	2.8
646.4355469	2.9
646.7285156	3
646.875	3.1
647.0214844	3.2
647.1679688	3.3
647.4609375	3.4
647.4609375	3.5
647.6074219	3.6
647.7539063	3.7
647.9003906	3.8
648.046875	3.9
648.046875	4
648.1933594	4.1
648.3398438	4.2
648.3398438	4.3
648.3398438	4.4
648.4863281	4.5
648.4863281	4.6
648.6328125	4.7
648.6328125	4.8
648.6328125	4.9
648.7792969	5
648.7792969	5.1
648.9257813	5.2
648.9257813	5.3
648.9257813	5.4
648.9257813	5.5
648.9257813	5.6
649.0722656	5.7
649.0722656	5.8
649.0722656	5.9
649.21875	6
649.21875	6.1
649.21875	6.2
649.21875	6.3
649.21875	6.4
649.21875	6.5
649.21875	6.6
649.21875	6.7
649.21875	6.8
649.3652344	6.9
649.3652344	7
649.3652344	7.1
649.3652344	7.2
649.3652344	7.3
649.5117188	7.4
649.5117188	7.5
649.5117188	7.6
649.5117188	7.7
649.5117188	7.8
649.5117188	7.9
649.5117188	8
649.5117188	8.1
649.5117188	8.2
649.5117188	8.3
649.5117188	8.4
649.5117188	8.5
649.5117188	8.6
649.5117188	8.7
649.5117188	8.8
649.5117188	8.9
649.5117188	9
649.6582031	9.1
649.6582031	9.2
649.6582031	9.3
649.6582031	9.4
649.6582031	9.5
649.6582031	9.6
649.6582031	9.7
649.6582031	9.8
649.6582031	9.9
649.6582031	10
649.6582031	10.1
649.6582031	10.2
649.6582031	10.3
649.6582031	10.4
649.8046875	10.5
649.8046875	10.6
649.8046875	10.7
649.8046875	10.8
649.8046875	10.9
649.8046875	11
649.8046875	11.1
649.8046875	11.2
649.8046875	11.3
649.8046875	11.4
649.8046875	11.5
649.8046875	11.6
649.8046875	11.7
649.8046875	11.8
649.8046875	11.9
649.8046875	12
649.8046875	12.1
649.8046875	12.2
649.8046875	12.3
649.8046875	12.4
649.8046875	12.5
649.8046875	12.6
649.8046875	12.7
649.8046875	12.8
649.8046875	12.9
649.8046875	13
649.8046875	13.1
649.8046875	13.2
649.8046875	13.3
649.8046875	13.4
649.8046875	13.5
649.8046875	13.6
649.8046875	13.7
649.8046875	13.8
649.8046875	13.9
649.8046875	14
649.8046875	14.1
649.8046875	14.2
649.8046875	14.3
649.8046875	14.4
649.8046875	14.5
649.8046875	14.6
649.8046875	14.7
649.8046875	14.8
649.8046875	14.9
649.8046875	15
649.8046875	15.1
649.8046875	15.2
649.8046875	15.3
649.8046875	15.4
649.8046875	15.5
649.8046875	15.6
649.8046875	15.7
649.8046875	15.8
649.8046875	15.9
649.8046875	16
649.8046875	16.1
649.8046875	16.2
649.8046875	16.3
649.8046875	16.4
649.8046875	16.5
649.8046875	16.6
649.8046875	16.7
649.8046875	16.8
649.8046875	16.9
649.8046875	17
649.8046875	17.1
649.8046875	17.2
649.8046875	17.3
649.8046875	17.4
649.8046875	17.5
649.8046875	17.6
649.8046875	17.7
649.8046875	17.8
649.8046875	17.9
649.8046875	18
649.8046875	18.1
649.8046875	18.2
649.8046875	18.3
649.9511719	18.4
649.9511719	18.5
649.9511719	18.6
649.9511719	18.7
649.9511719	18.8
649.9511719	18.9
649.9511719	19
649.9511719	19.1
649.9511719	19.2
649.9511719	19.3
649.9511719	19.4
649.9511719	19.5
649.9511719	19.6
649.9511719	19.7
649.9511719	19.8
649.9511719	19.9
649.9511719	20
649.9511719	20.1
649.9511719	20.2
649.9511719	20.3
649.9511719	20.4
649.9511719	20.5
649.9511719	20.6
649.9511719	20.7
649.9511719	20.8
649.9511719	20.9
649.9511719	21
649.9511719	21.1
649.9511719	21.2
649.9511719	21.3
649.9511719	21.4
649.9511719	21.5
649.9511719	21.6
649.9511719	21.7
649.9511719	21.8
649.9511719	21.9
649.9511719	22
649.9511719	22.1
649.9511719	22.2
649.9511719	22.3
649.9511719	22.4
649.9511719	22.5
649.9511719	22.6
649.9511719	22.7
649.9511719	22.8
649.9511719	22.9
649.9511719	23
649.9511719	23.1
649.9511719	23.2
649.9511719	23.3
649.9511719	23.4
649.9511719	23.5
649.9511719	23.6
649.9511719	23.7
649.9511719	23.8
649.9511719	23.9
649.9511719	24
649.9511719	24.1
649.9511719	24.2
649.9511719	24.3
649.9511719	24.4
649.9511719	24.5
649.9511719	24.6
649.9511719	24.7
649.9511719	24.8
649.9511719	24.9
649.9511719	25
649.9511719	25.1
649.9511719	25.2
649.9511719	25.3
649.9511719	25.4
649.9511719	25.5
649.9511719	25.6
649.9511719	25.7
649.9511719	25.8
649.9511719	25.9
649.9511719	26
649.9511719	26.1
649.9511719	26.2
649.9511719	26.3
649.9511719	26.4
649.9511719	26.5
649.9511719	26.6
649.9511719	26.7
649.9511719	26.8
649.9511719	26.9
649.9511719	27
649.9511719	27.1
649.9511719	27.2
649.9511719	27.3
649.9511719	27.4
649.9511719	27.5
649.9511719	27.6
649.9511719	27.7
649.9511719	27.8
649.9511719	27.9
649.9511719	28
649.9511719	28.1
649.9511719	28.2
649.9511719	28.3
649.9511719	28.4
649.9511719	28.5
649.9511719	28.6
649.9511719	28.7
649.9511719	28.8
649.9511719	28.9
649.9511719	29
649.9511719	29.1
649.9511719	29.2
649.9511719	29.3
649.9511719	29.4
649.9511719	29.5
649.9511719	29.6
649.9511719	29.7
649.9511719	29.8
649.9511719	29.9
649.9511719	30
649.9511719	30.1
649.9511719	30.2
649.9511719	30.3
649.9511719	30.4
649.9511719	30.5
649.9511719	30.6
649.9511719	30.7
649.9511719	30.8
649.9511719	30.9
649.9511719	31
649.9511719	31.1
649.9511719	31.2
649.9511719	31.3
649.9511719	31.4
649.9511719	31.5
649.9511719	31.6
649.9511719	31.7
649.9511719	31.8
649.9511719	31.9
649.9511719	32
649.9511719	32.1
649.9511719	32.2
649.9511719	32.3
649.9511719	32.4
649.9511719	32.5
649.9511719	32.6
649.9511719	32.7
649.9511719	32.8
649.9511719	32.9
649.9511719	33
649.9511719	33.1
649.9511719	33.2
649.9511719	33.3
649.9511719	33.4
649.9511719	33.5
649.9511719	33.6
649.9511719	33.7
649.9511719	33.8
649.9511719	33.9
649.9511719	34
649.9511719	34.1
649.9511719	34.2
649.9511719	34.3
649.9511719	34.4
649.9511719	34.5
649.9511719	34.6
649.9511719	34.7
649.9511719	34.8
649.9511719	34.9
649.9511719	35
649.9511719	35.1
649.9511719	35.2
649.9511719	35.3
649.9511719	35.4
649.9511719	35.5
649.9511719	35.6
649.9511719	35.7
649.9511719	35.8
649.9511719	35.9
649.9511719	36
649.9511719	36.1
649.9511719	36.2
649.9511719	36.3
649.9511719	36.4
649.9511719	36.5
649.9511719	36.6
649.9511719	36.7
649.9511719	36.8
649.9511719	36.9
649.9511719	37
649.9511719	37.1
649.9511719	37.2
649.9511719	37.3
649.9511719	37.4
649.9511719	37.5
649.9511719	37.6
649.9511719	37.7
649.9511719	37.8
649.9511719	37.9
649.9511719	38
649.9511719	38.1
649.9511719	38.2
649.9511719	38.3
649.9511719	38.4
649.9511719	38.5
649.9511719	38.6
649.9511719	38.7
649.9511719	38.8
649.9511719	38.9
649.9511719	39
649.9511719	39.1
649.9511719	39.2
649.9511719	39.3
649.9511719	39.4
649.9511719	39.5
649.9511719	39.6
649.9511719	39.7
649.9511719	39.8
649.9511719	39.9
649.9511719	40
649.9511719	40.1
649.9511719	40.2
649.9511719	40.3
649.9511719	40.4
649.9511719	40.5
649.9511719	40.6
649.9511719	40.7
649.9511719	40.8
649.9511719	40.9
649.9511719	41
649.9511719	41.1
649.9511719	41.2
649.9511719	41.3
649.9511719	41.4
649.9511719	41.5
649.9511719	41.6
649.9511719	41.7
649.9511719	41.8
649.9511719	41.9
649.9511719	42
649.9511719	42.1
649.9511719	42.2
649.9511719	42.3
649.9511719	42.4
649.9511719	42.5
649.9511719	42.6
649.9511719	42.7
649.9511719	42.8
649.9511719	42.9
649.9511719	43
649.9511719	43.1
649.9511719	43.2
649.9511719	43.3
649.9511719	43.4
649.9511719	43.5
649.9511719	43.6
649.9511719	43.7
649.9511719	43.8
649.9511719	43.9
649.9511719	44
649.9511719	44.1
649.9511719	44.2
649.9511719	44.3
649.9511719	44.4
649.9511719	44.5
649.9511719	44.6
649.9511719	44.7
649.9511719	44.8
649.9511719	44.9
649.9511719	45
649.9511719	45.1
649.9511719	45.2
649.9511719	45.3
649.9511719	45.4
649.9511719	45.5
649.9511719	45.6
649.9511719	45.7
649.9511719	45.8
649.9511719	45.9
649.9511719	46
649.9511719	46.1
649.9511719	46.2
649.9511719	46.3
649.9511719	46.4
649.9511719	46.5
649.9511719	46.6
649.9511719	46.7
649.9511719	46.8
649.9511719	46.9
649.9511719	47
649.9511719	47.1
649.9511719	47.2
649.9511719	47.3
649.9511719	47.4
649.9511719	47.5
649.9511719	47.6
649.9511719	47.7
649.9511719	47.8
649.9511719	47.9
649.9511719	48
649.9511719	48.1
649.9511719	48.2
649.9511719	48.3
649.9511719	48.4
649.9511719	48.5
649.9511719	48.6
649.9511719	48.7
649.9511719	48.8
649.9511719	48.9
649.9511719	49
649.9511719	49.1
649.9511719	49.2
649.9511719	49.3
649.9511719	49.4
649.9511719	49.5
649.9511719	49.6
649.9511719	49.7
649.9511719	49.8
649.9511719	49.9
649.9511719	50
635.0585938	0.4
654.3945313	0.5
664.6484375	0.6
671.09375	0.7
675.6347656	0.8
679.1503906	0.9
681.9335938	1
684.1308594	1.1
686.0351563	1.2
687.5	1.3
688.8183594	1.4
689.9902344	1.5
691.015625	1.6
691.7480469	1.7
692.4804688	1.8
693.0664063	1.9
693.6523438	2
694.2382813	2.1
694.6777344	2.2
695.1171875	2.3
695.4101563	2.4
695.703125	2.5
695.9960938	2.6
696.2890625	2.7
696.5820313	2.8
696.7285156	2.9
696.875	3
697.1679688	3.1
697.3144531	3.2
697.4609375	3.3
697.6074219	3.4
697.7539063	3.5
697.7539063	3.6
697.9003906	3.7
698.046875	3.8
698.046875	3.9
698.1933594	4
698.3398438	4.1
698.3398438	4.2
698.4863281	4.3
698.4863281	4.4
698.6328125	4.5
698.6328125	4.6
698.6328125	4.7
698.7792969	4.8
698.7792969	4.9
698.9257813	5
698.9257813	5.1
698.9257813	5.2
698.9257813	5.3
698.9257813	5.4
699.0722656	5.5
699.0722656	5.6
699.0722656	5.7
699.21875	5.8
699.21875	5.9
699.21875	6
699.21875	6.1
699.21875	6.2
699.21875	6.3
699.21875	6.4
699.21875	6.5
699.3652344	6.6
699.3652344	6.7
699.3652344	6.8
699.3652344	6.9
699.3652344	7
699.5117188	7.1
699.5117188	7.2
699.5117188	7.3
699.5117188	7.4
699.5117188	7.5
699.5117188	7.6
699.5117188	7.7
699.5117188	7.8
699.5117188	7.9
699.5117188	8
699.5117188	8.1
699.5117188	8.2
699.5117188	8.3
699.5117188	8.4
699.5117188	8.5
699.5117188	8.6
699.5117188	8.7
699.6582031	8.8
699.6582031	8.9
699.6582031	9
699.6582031	9.1
699.6582031	9.2
699.6582031	9.3
699.6582031	9.4
699.6582031	9.5
699.6582031	9.6
699.6582031	9.7
699.6582031	9.8
699.6582031	9.9
699.6582031	10
699.8046875	10.1
699.8046875	10.2
699.8046875	10.3
699.8046875	10.4
699.8046875	10.5
699.8046875	10.6
699.8046875	10.7
699.8046875	10.8
699.8046875	10.9
699.8046875	11
699.8046875	11.1
699.8046875	11.2
699.8046875	11.3
699.8046875	11.4
699.8046875	11.5
699.8046875	11.6
699.8046875	11.7
699.8046875	11.8
699.8046875	11.9
699.8046875	12
699.8046875	12.1
699.8046875	12.2
699.8046875	12.3
699.8046875	12.4
699.8046875	12.5
699.8046875	12.6
699.8046875	12.7
699.8046875	12.8
699.8046875	12.9
699.8046875	13
699.8046875	13.1
699.8046875	13.2
699.8046875	13.3
699.8046875	13.4
699.8046875	13.5
699.8046875	13.6
699.8046875	13.7
699.8046875	13.8
699.8046875	13.9
699.8046875	14
699.8046875	14.1
699.8046875	14.2
699.8046875	14.3
699.8046875	14.4
699.8046875	14.5
699.8046875	14.6
699.8046875	14.7
699.8046875	14.8
699.8046875	14.9
699.8046875	15
699.8046875	15.1
699.8046875	15.2
699.8046875	15.3
699.8046875	15.4
699.8046875	15.5
699.8046875	15.6
699.8046875	15.7
699.8046875	15.8
699.8046875	15.9
699.8046875	16
699.8046875	16.1
699.8046875	16.2
699.8046875	16.3
699.8046875	16.4
699.8046875	16.5
699.8046875	16.6
699.8046875	16.7
699.8046875	16.8
699.8046875	16.9
699.8046875	17
699.8046875	17.1
699.8046875	17.2
699.8046875	17.3
699.8046875	17.4
699.8046875	17.5
699.8046875	17.6
699.9511719	17.7
699.9511719	17.8
699.9511719	17.9
699.9511719	18
699.9511719	18.1
699.9511719	18.2
699.9511719	18.3
699.9511719	18.4
699.9511719	18.5
699.9511719	18.6
699.9511719	18.7
699.9511719	18.8
699.9511719	18.9
699.9511719	19
699.9511719	19.1
699.9511719	19.2
699.9511719	19.3
699.9511719	19.4
699.9511719	19.5
699.9511719	19.6
699.9511719	19.7
699.9511719	19.8
699.9511719	19.9
699.9511719	20
699.9511719	20.1
699.9511719	20.2
699.9511719	20.3
699.9511719	20.4
699.9511719	20.5
699.9511719	20.6
699.9511719	20.7
699.9511719	20.8
699.9511719	20.9
699.9511719	21
699.9511719	21.1
699.9511719	21.2
699.9511719	21.3
699.9511719	21.4
699.9511719	21.5
699.9511719	21.6
699.9511719	21.7
699.9511719	21.8
699.9511719	21.9
699.9511719	22
699.9511719	22.1
699.9511719	22.2
699.9511719	22.3
699.9511719	22.4
699.9511719	22.5
699.9511719	22.6
699.9511719	22.7
699.9511719	22.8
699.9511719	22.9
699.9511719	23
699.9511719	23.1
699.9511719	23.2
699.9511719	23.3
699.9511719	23.4
699.9511719	23.5
699.9511719	23.6
699.9511719	23.7
699.9511719	23.8
699.9511719	23.9
699.9511719	24
699.9511719	24.1
699.9511719	24.2
699.9511719	24.3
699.9511719	24.4
699.9511719	24.5
699.9511719	24.6
699.9511719	24.7
699.9511719	24.8
699.9511719	24.9
699.9511719	25
699.9511719	25.1
699.9511719	25.2
699.9511719	25.3
699.9511719	25.4
699.9511719	25.5
699.9511719	25.6
699.9511719	25.7
699.9511719	25.8
699.9511719	25.9
699.9511719	26
699.9511719	26.1
699.9511719	26.2
699.9511719	26.3
699.9511719	26.4
699.9511719	26.5
699.9511719	26.6
699.9511719	26.7
699.9511719	26.8
699.9511719	26.9
699.9511719	27
699.9511719	27.1
699.9511719	27.2
699.9511719	27.3
699.9511719	27.4
699.9511719	27.5
699.9511719	27.6
699.9511719	27.7
699.9511719	27.8
699.9511719	27.9
699.9511719	28
699.9511719	28.1
699.9511719	28.2
699.9511719	28.3
699.9511719	28.4
699.9511719	28.5
699.9511719	28.6
699.9511719	28.7
699.9511719	28.8
699.9511719	28.9
699.9511719	29
699.9511719	29.1
699.9511719	29.2
699.9511719	29.3
699.9511719	29.4
699.9511719	29.5
699.9511719	29.6
699.9511719	29.7
699.9511719	29.8
699.9511719	29.9
699.9511719	30
699.9511719	30.1
699.9511719	30.2
699.9511719	30.3
699.9511719	30.4
699.9511719	30.5
699.9511719	30.6
699.9511719	30.7
699.9511719	30.8
699.9511719	30.9
699.9511719	31
699.9511719	31.1
699.9511719	31.2
699.9511719	31.3
699.9511719	31.4
699.9511719	31.5
699.9511719	31.6
699.9511719	31.7
699.9511719	31.8
699.9511719	31.9
699.9511719	32
699.9511719	32.1
699.9511719	32.2
699.9511719	32.3
699.9511719	32.4
699.9511719	32.5
699.9511719	32.6
699.9511719	32.7
699.9511719	32.8
699.9511719	32.9
699.9511719	33
699.9511719	33.1
699.9511719	33.2
699.9511719	33.3
699.9511719	33.4
699.9511719	33.5
699.9511719	33.6
699.9511719	33.7
699.9511719	33.8
699.9511719	33.9
699.9511719	34
699.9511719	34.1
699.9511719	34.2
699.9511719	34.3
699.9511719	34.4
699.9511719	34.5
699.9511719	34.6
699.9511719	34.7
699.9511719	34.8
699.9511719	34.9
699.9511719	35
699.9511719	35.1
699.9511719	35.2
699.9511719	35.3
699.9511719	35.4
699.9511719	35.5
699.9511719	35.6
699.9511719	35.7
699.9511719	35.8
699.9511719	35.9
699.9511719	36
699.9511719	36.1
699.9511719	36.2
699.9511719	36.3
699.9511719	36.4
699.9511719	36.5
699.9511719	36.6
699.9511719	36.7
699.9511719	36.8
699.9511719	36.9
699.9511719	37
699.9511719	37.1
699.9511719	37.2
699.9511719	37.3
699.9511719	37.4
699.9511719	37.5
699.9511719	37.6
699.9511719	37.7
699.9511719	37.8
699.9511719	37.9
699.9511719	38
699.9511719	38.1
699.9511719	38.2
699.9511719	38.3
699.9511719	38.4
699.9511719	38.5
699.9511719	38.6
699.9511719	38.7
699.9511719	38.8
699.9511719	38.9
699.9511719	39
699.9511719	39.1
699.9511719	39.2
699.9511719	39.3
699.9511719	39.4
699.9511719	39.5
699.9511719	39.6
699.9511719	39.7
699.9511719	39.8
699.9511719	39.9
699.9511719	40
699.9511719	40.1
699.9511719	40.2
699.9511719	40.3
699.9511719	40.4
699.9511719	40.5
699.9511719	40.6
699.9511719	40.7
699.9511719	40.8
699.9511719	40.9
699.9511719	41
699.9511719	41.1
699.9511719	41.2
699.9511719	41.3
699.9511719	41.4
699.9511719	41.5
699.9511719	41.6
699.9511719	41.7
699.9511719	41.8
699.9511719	41.9
699.9511719	42
699.9511719	42.1
699.9511719	42.2
699.9511719	42.3
699.9511719	42.4
699.9511719	42.5
699.9511719	42.6
699.9511719	42.7
699.9511719	42.8
699.9511719	42.9
699.9511719	43
699.9511719	43.1
699.9511719	43.2
699.9511719	43.3
699.9511719	43.4
699.9511719	43.5
699.9511719	43.6
699.9511719	43.7
699.9511719	43.8
699.9511719	43.9
699.9511719	44
699.9511719	44.1
699.9511719	44.2
699.9511719	44.3
699.9511719	44.4
699.9511719	44.5
699.9511719	44.6
699.9511719	44.7
699.9511719	44.8
699.9511719	44.9
699.9511719	45
699.9511719	45.1
699.9511719	45.2
699.9511719	45.3
699.9511719	45.4
699.9511719	45.5
699.9511719	45.6
699.9511719	45.7
699.9511719	45.8
699.9511719	45.9
699.9511719	46
699.9511719	46.1
699.9511719	46.2
699.9511719	46.3
699.9511719	46.4
699.9511719	46.5
699.9511719	46.6
699.9511719	46.7
699.9511719	46.8
699.9511719	46.9
699.9511719	47
699.9511719	47.1
699.9511719	47.2
699.9511719	47.3
699.9511719	47.4
699.9511719	47.5
699.9511719	47.6
699.9511719	47.7
699.9511719	47.8
699.9511719	47.9
699.9511719	48
699.9511719	48.1
699.9511719	48.2
699.9511719	48.3
699.9511719	48.4
699.9511719	48.5
699.9511719	48.6
699.9511719	48.7
699.9511719	48.8
699.9511719	48.9
699.9511719	49
699.9511719	49.1
699.9511719	49.2
699.9511719	49.3
699.9511719	49.4
699.9511719	49.5
699.9511719	49.6
699.9511719	49.7
699.9511719	49.8
699.9511719	49.9
699.9511719	50
691.5039063	0.4
708.203125	0.5
717.4316406	0.6
723.2910156	0.7
727.5390625	0.8
730.7617188	0.9
733.2519531	1
735.3027344	1.1
736.9140625	1.2
738.3789063	1.3
739.5507813	1.4
740.7226563	1.5
741.6015625	1.6
742.3339844	1.7
743.0664063	1.8
743.6523438	1.9
744.2382813	2
744.53125	2.1
745.1171875	2.2
745.4101563	2.3
745.703125	2.4
745.9960938	2.5
746.2890625	2.6
746.5820313	2.7
746.875	2.8
747.0214844	2.9
747.1679688	3
747.3144531	3.1
747.4609375	3.2
747.6074219	3.3
747.7539063	3.4
747.9003906	3.5
748.046875	3.6
748.046875	3.7
748.1933594	3.8
748.3398438	3.9
748.3398438	4
748.3398438	4.1
748.4863281	4.2
748.6328125	4.3
748.6328125	4.4
748.6328125	4.5
748.7792969	4.6
748.7792969	4.7
748.9257813	4.8
748.9257813	4.9
748.9257813	5
748.9257813	5.1
748.9257813	5.2
749.0722656	5.3
749.0722656	5.4
749.0722656	5.5
749.21875	5.6
749.21875	5.7
749.21875	5.8
749.21875	5.9
749.21875	6
749.21875	6.1
749.21875	6.2
749.21875	6.3
749.3652344	6.4
749.3652344	6.5
749.3652344	6.6
749.3652344	6.7
749.3652344	6.8
749.5117188	6.9
749.5117188	7
749.5117188	7.1
749.5117188	7.2
749.5117188	7.3
749.5117188	7.4
749.5117188	7.5
749.5117188	7.6
749.5117188	7.7
749.5117188	7.8
749.5117188	7.9
749.5117188	8
749.5117188	8.1
749.5117188	8.2
749.5117188	8.3
749.5117188	8.4
749.6582031	8.5
749.6582031	8.6
749.6582031	8.7
749.6582031	8.8
749.6582031	8.9
749.6582031	9
749.6582031	9.1
749.6582031	9.2
749.6582031	9.3
749.6582031	9.4
749.6582031	9.5
749.6582031	9.6
749.8046875	9.7
749.8046875	9.8
749.8046875	9.9
749.8046875	10
749.8046875	10.1
749.8046875	10.2
749.8046875	10.3
749.8046875	10.4
749.8046875	10.5
749.8046875	10.6
749.8046875	10.7
749.8046875	10.8
749.8046875	10.9
749.8046875	11
749.8046875	11.1
749.8046875	11.2
749.8046875	11.3
749.8046875	11.4
749.8046875	11.5
749.8046875	11.6
749.8046875	11.7
749.8046875	11.8
749.8046875	11.9
749.8046875	12
749.8046875	12.1
749.8046875	12.2
749.8046875	12.3
749.8046875	12.4
749.8046875	12.5
749.8046875	12.6
749.8046875	12.7
749.8046875	12.8
749.8046875	12.9
749.8046875	13
749.8046875	13.1
749.8046875	13.2
749.8046875	13.3
749.8046875	13.4
749.8046875	13.5
749.8046875	13.6
749.8046875	13.7
749.8046875	13.8
749.8046875	13.9
749.8046875	14
749.8046875	14.1
749.8046875	14.2
749.8046875	14.3
749.8046875	14.4
749.8046875	14.5
749.8046875	14.6
749.8046875	14.7
749.8046875	14.8
749.8046875	14.9
749.8046875	15
749.8046875	15.1
749.8046875	15.2
749.8046875	15.3
749.8046875	15.4
749.8046875	15.5
749.8046875	15.6
749.8046875	15.7
749.8046875	15.8
749.8046875	15.9
749.8046875	16
749.8046875	16.1
749.8046875	16.2
749.8046875	16.3
749.8046875	16.4
749.8046875	16.5
749.8046875	16.6
749.8046875	16.7
749.8046875	16.8
749.8046875	16.9
749.8046875	17
749.9511719	17.1
749.9511719	17.2
749.9511719	17.3
749.9511719	17.4
749.9511719	17.5
749.9511719	17.6
749.9511719	17.7
749.9511719	17.8
749.9511719	17.9
749.9511719	18
749.9511719	18.1
749.9511719	18.2
749.9511719	18.3
749.9511719	18.4
749.9511719	18.5
749.9511719	18.6
749.9511719	18.7
749.9511719	18.8
749.9511719	18.9
749.9511719	19
749.9511719	19.1
749.9511719	19.2
749.9511719	19.3
749.9511719	19.4
749.9511719	19.5
749.9511719	19.6
749.9511719	19.7
749.9511719	19.8
749.9511719	19.9
749.9511719	20
749.9511719	20.1
749.9511719	20.2
749.9511719	20.3
749.9511719	20.4
749.9511719	20.5
749.9511719	20.6
749.9511719	20.7
749.9511719	20.8
749.9511719	20.9
749.9511719	21
749.9511719	21.1
749.9511719	21.2
749.9511719	21.3
749.9511719	21.4
749.9511719	21.5
749.9511719	21.6
749.9511719	21.7
749.9511719	21.8
749.9511719	21.9
749.9511719	22
749.9511719	22.1
749.9511719	22.2
749.9511719	22.3
749.9511719	22.4
749.9511719	22.5
749.9511719	22.6
749.9511719	22.7
749.9511719	22.8
749.9511719	22.9
749.9511719	23
749.9511719	23.1
749.9511719	23.2
749.9511719	23.3
749.9511719	23.4
749.9511719	23.5
749.9511719	23.6
749.9511719	23.7
749.9511719	23.8
749.9511719	23.9
749.9511719	24
749.9511719	24.1
749.9511719	24.2
749.9511719	24.3
749.9511719	24.4
749.9511719	24.5
749.9511719	24.6
749.9511719	24.7
749.9511719	24.8
749.9511719	24.9
749.9511719	25
749.9511719	25.1
749.9511719	25.2
749.9511719	25.3
749.9511719	25.4
749.9511719	25.5
749.9511719	25.6
749.9511719	25.7
749.9511719	25.8
749.9511719	25.9
749.9511719	26
749.9511719	26.1
749.9511719	26.2
749.9511719	26.3
749.9511719	26.4
749.9511719	26.5
749.9511719	26.6
749.9511719	26.7
749.9511719	26.8
749.9511719	26.9
749.9511719	27
749.9511719	27.1
749.9511719	27.2
749.9511719	27.3
749.9511719	27.4
749.9511719	27.5
749.9511719	27.6
749.9511719	27.7
749.9511719	27.8
749.9511719	27.9
749.9511719	28
749.9511719	28.1
749.9511719	28.2
749.9511719	28.3
749.9511719	28.4
749.9511719	28.5
749.9511719	28.6
749.9511719	28.7
749.9511719	28.8
749.9511719	28.9
749.9511719	29
749.9511719	29.1
749.9511719	29.2
749.9511719	29.3
749.9511719	29.4
749.9511719	29.5
749.9511719	29.6
749.9511719	29.7
749.9511719	29.8
749.9511719	29.9
749.9511719	30
749.9511719	30.1
749.9511719	30.2
749.9511719	30.3
749.9511719	30.4
749.9511719	30.5
749.9511719	30.6
749.9511719	30.7
749.9511719	30.8
749.9511719	30.9
749.9511719	31
749.9511719	31.1
749.9511719	31.2
749.9511719	31.3
749.9511719	31.4
749.9511719	31.5
749.9511719	31.6
749.9511719	31.7
749.9511719	31.8
749.9511719	31.9
749.9511719	32
749.9511719	32.1
749.9511719	32.2
749.9511719	32.3
749.9511719	32.4
749.9511719	32.5
749.9511719	32.6
749.9511719	32.7
749.9511719	32.8
749.9511719	32.9
749.9511719	33
749.9511719	33.1
749.9511719	33.2
749.9511719	33.3
749.9511719	33.4
749.9511719	33.5
749.9511719	33.6
749.9511719	33.7
749.9511719	33.8
749.9511719	33.9
749.9511719	34
749.9511719	34.1
749.9511719	34.2
749.9511719	34.3
749.9511719	34.4
749.9511719	34.5
749.9511719	34.6
749.9511719	34.7
749.9511719	34.8
749.9511719	34.9
749.9511719	35
749.9511719	35.1
749.9511719	35.2
749.9511719	35.3
749.9511719	35.4
749.9511719	35.5
749.9511719	35.6
749.9511719	35.7
749.9511719	35.8
749.9511719	35.9
749.9511719	36
749.9511719	36.1
749.9511719	36.2
749.9511719	36.3
749.9511719	36.4
749.9511719	36.5
749.9511719	36.6
749.9511719	36.7
749.9511719	36.8
749.9511719	36.9
749.9511719	37
749.9511719	37.1
749.9511719	37.2
749.9511719	37.3
749.9511719	37.4
749.9511719	37.5
749.9511719	37.6
749.9511719	37.7
749.9511719	37.8
749.9511719	37.9
749.9511719	38
749.9511719	38.1
749.9511719	38.2
749.9511719	38.3
749.9511719	38.4
749.9511719	38.5
749.9511719	38.6
749.9511719	38.7
749.9511719	38.8
749.9511719	38.9
749.9511719	39
749.9511719	39.1
749.9511719	39.2
749.9511719	39.3
749.9511719	39.4
749.9511719	39.5
749.9511719	39.6
749.9511719	39.7
749.9511719	39.8
749.9511719	39.9
749.9511719	40
749.9511719	40.1
749.9511719	40.2
749.9511719	40.3
749.9511719	40.4
749.9511719	40.5
749.9511719	40.6
749.9511719	40.7
749.9511719	40.8
749.9511719	40.9
749.9511719	41
749.9511719	41.1
749.9511719	41.2
749.9511719	41.3
749.9511719	41.4
749.9511719	41.5
749.9511719	41.6
749.9511719	41.7
749.9511719	41.8
749.9511719	41.9
749.9511719	42
749.9511719	42.1
749.9511719	42.2
749.9511719	42.3
749.9511719	42.4
749.9511719	42.5
749.9511719	42.6
749.9511719	42.7
749.9511719	42.8
749.9511719	42.9
749.9511719	43
749.9511719	43.1
749.9511719	43.2
749.9511719	43.3
749.9511719	43.4
749.9511719	43.5
749.9511719	43.6
749.9511719	43.7
749.9511719	43.8
749.9511719	43.9
749.9511719	44
749.9511719	44.1
749.9511719	44.2
749.9511719	44.3
749.9511719	44.4
749.9511719	44.5
749.9511719	44.6
749.9511719	44.7
749.9511719	44.8
749.9511719	44.9
749.9511719	45
749.9511719	45.1
749.9511719	45.2
749.9511719	45.3
749.9511719	45.4
749.9511719	45.5
749.9511719	45.6
749.9511719	45.7
749.9511719	45.8
749.9511719	45.9
749.9511719	46
749.9511719	46.1
749.9511719	46.2
749.9511719	46.3
749.9511719	46.4
749.9511719	46.5
749.9511719	46.6
749.9511719	46.7
749.9511719	46.8
749.9511719	46.9
749.9511719	47
749.9511719	47.1
749.9511719	47.2
749.9511719	47.3
749.9511719	47.4
749.9511719	47.5
749.9511719	47.6
749.9511719	47.7
749.9511719	47.8
749.9511719	47.9
749.9511719	48
749.9511719	48.1
749.9511719	48.2
749.9511719	48.3
749.9511719	48.4
749.9511719	48.5
749.9511719	48.6
749.9511719	48.7
749.9511719	48.8
749.9511719	48.9
749.9511719	49
749.9511719	49.1
749.9511719	49.2
749.9511719	49.3
749.9511719	49.4
749.9511719	49.5
749.9511719	49.6
749.9511719	49.7
749.9511719	49.8
749.9511719	49.9
749.9511719	50
