#mH mA sina sinb g399.97213	362.6953125	0.789834918569	0.707106781187	1.11699525388
400.07776	367.96875	0.754242898686	0.739940073396	1.01932970764
399.90878	371.875	0.720498096135	0.768221279597	0.937878336972
400.07166	375.390625	0.688328736633	0.792623989105	0.868417744221
400.03919	378.125	0.658158685724	0.813733471207	0.808813584561
400.05118	380.46875	0.629727871716	0.832050294338	0.756838710354
400.02296	382.421875	0.603112830691	0.847998304005	0.711219383155
400.07564	384.1796875	0.578073789874	0.861934215158	0.670670429029
399.9755	385.546875	0.554793284568	0.874157276122	0.634660718068
400.05712	386.9140625	0.532952468421	0.884918222382	0.602261830463
399.9167	387.890625	0.512501963787	0.894427191	0.572994614815
400.09367	389.0625	0.493273270238	0.902860518824	0.546344933635
400.00377	389.84375	0.475333688288	0.910366477463	0.522134437126
400.00798	390.625	0.458512797322	0.917070056253	0.49997575888
400.0937	391.40625	0.442762116793	0.923076923077	0.479658959859
400.05981	391.9921875	0.427892988061	0.928476690885	0.460854852106
400.08712	392.578125	0.413851210668	0.933345606203	0.443406180859
399.97694	392.96875	0.400747945371	0.937748760724	0.427351079687
399.91341	393.359375	0.38839403356	0.941741911595	0.412420885997
400.08273	393.9453125	0.376581230263	0.945372981626	0.398341435161
399.90521	394.140625	0.365613917199	0.948683298051	0.385390907535
399.95178	394.53125	0.35511571034	0.951708617761	0.373134910951
400.02724	394.921875	0.345044548286	0.954479978035	0.361500037954
399.93608	395.1171875	0.33575401633	0.957024404433	0.350831195918
400.06035	395.5078125	0.326639781166	0.959365501571	0.340474804056
400.01267	395.703125	0.318276253889	0.961523947641	0.331012300495
399.98346	395.8984375	0.310027876865	0.96351790963	0.321766594857
399.97093	396.09375	0.302511092357	0.965363393028	0.313364992439
399.9735	396.2890625	0.295058640453	0.967074537263	0.3051043421
399.98977	396.484375	0.288094777627	0.968663866044	0.297414601418
400.01849	396.6796875	0.281378745671	0.970142500145	0.290038572302
400.05856	396.875	0.274891595253	0.971520338783	0.282949912914
399.91545	396.875	0.268866806238	0.972806214685	0.276382697992
399.97525	397.0703125	0.26279260024	0.974008027039	0.269805374231
400.04373	397.265625	0.25716236141	0.975132855791	0.263720332961
399.92642	397.265625	0.251980658055	0.976187060184	0.258127431035
400.01011	397.4609375	0.246702534561	0.977176363923	0.252464696926
399.90667	397.4609375	0.241860280393	0.978105928985	0.247274117482
400.00326	397.65625	0.23688747295	0.978980419738	0.241973657669
399.91162	397.65625	0.232341989734	0.97980405878	0.237131074986
400.01921	397.8515625	0.227933356991	0.980580675691	0.232447327019
399.93765	397.8515625	0.223652981027	0.981313749677	0.227911797935
400.05469	398.046875	0.21949275672	0.982006446981	0.223514578132
399.9818	398.046875	0.215445013079	0.982661653748	0.219246382778
399.91277	398.046875	0.211826488998	0.983282004984	0.215428013453
400.04159	398.2421875	0.207989816093	0.9838699101	0.21139971246
399.97955	398.2421875	0.204245232211	0.984427575508	0.207476138715
399.92064	398.2421875	0.200930615942	0.984957024646	0.203999373489
400.05901	398.4375	0.197709187517	0.985460115744	0.200626270265
400.00579	398.4375	0.194222597005	0.985938557634	0.196992597055
399.95512	398.4375	0.19116849326	0.986393923832	0.193805424629
399.90686	398.4375	0.188193769702	0.986827665106	0.190705810504
400.05532	398.6328125	0.18529436677	0.987241120713	0.187689068945
400.01144	398.6328125	0.182466437671	0.987635528464	0.184750783474
399.96955	398.6328125	0.17970633049	0.988012033751	0.181886783107
399.92953	398.6328125	0.177010571467	0.988371697651	0.17909312042
400.08585	398.828125	0.174375849245	0.988715504225	0.176366051205
400.04927	398.828125	0.171798999949	0.989044367093	0.173702015466
400.01425	398.828125	0.169276992925	0.989359135365	0.171097619534
399.98071	398.828125	0.166806916994	0.989660599	0.168549619094
399.94856	398.828125	0.16438596704	0.989949493661	0.166054902895
399.91774	398.828125	0.162440096644	0.990226505106	0.16404337372
400.08285	399.0234375	0.160117834288	0.990492273178	0.161654804004
400.05447	399.0234375	0.157837292178	0.990747395428	0.159311336983
400.02721	399.0234375	0.156042295926	0.99099243041	0.15746063354
400.00101	399.0234375	0.153847412989	0.991227900683	0.15520892106
399.97582	399.0234375	0.151687610948	0.991454295543	0.152995061527
399.95159	399.0234375	0.150026733067	0.991672073525	0.151286637057
399.92826	399.0234375	0.147941080806	0.991881664686	0.149151946319
399.9058	399.0234375	0.146361532673	0.992083472687	0.147529453622
400.07898	399.21875	0.144343264743	0.992277876714	0.145466575574
400.05813	399.21875	0.142839258335	0.992465233221	0.143923689771
400.03804	399.21875	0.140882089316	0.992645877551	0.141925829243
400.01865	399.21875	0.139448368865	0.992820125401	0.1404568313
399.99994	399.21875	0.137546414852	0.992988274195	0.138517662722
399.98188	399.21875	0.136178197493	0.993150604323	0.137117368605
399.96443	399.21875	0.134325902331	0.993307380301	0.135230951662
399.94758	399.21875	0.133018826455	0.993458851833	0.133894651207
399.93128	399.21875	0.131740850128	0.99360525479	0.132588721218
399.91553	399.21875	0.129960970551	0.993746812117	0.130778754675
399.90029	399.21875	0.128738284385	0.993883734674	0.129530527459
400.08047	399.4140625	0.126995866131	0.994016222007	0.127760355736
400.0662	399.4140625	0.125824976724	0.994144463069	0.126566089134
400.05238	399.4140625	0.124678807045	0.994268636888	0.125397505683
400.039	399.4140625	0.122992862	0.994388913179	0.123686879821
400.02604	399.4140625	0.121893775567	0.994505452921	0.122567226966
400.01347	399.4140625	0.120817193495	0.994618408891	0.121470900211
400.00128	399.4140625	0.119179313117	0.994727926154	0.119810965374
399.98946	399.4140625	0.118145652652	0.994834142531	0.118759145471
399.978	399.4140625	0.117132536935	0.994937189022	0.117728574454
399.96687	399.4140625	0.116139362574	0.99503719021	0.116718614858
399.95606	399.4140625	0.11456087272	0.99513426463	0.115121021144
399.94557	399.4140625	0.113605795967	0.99522852512	0.11415046203
399.93538	399.4140625	0.112668987538	0.995320079145	0.113198748723
399.92548	399.4140625	0.111749930697	0.9954090291	0.112265337595
399.91586	399.4140625	0.110219402412	0.995495472594	0.110718135287
399.90651	399.4140625	0.109334312509	0.995579502714	0.109819770507
400.09244	399.609375	0.108465537442	0.995661208276	0.108938197592
400.0836	399.609375	0.107612632181	0.995740674056	0.108072950101
400.075	399.609375	0.106119359677	0.995817981008	0.106565016601
400.06663	399.609375	0.105296864271	0.995893206468	0.105731079987
400.05849	399.609375	0.104488998086	0.995966424348	0.104912169258
400.05056	399.609375	0.103695375827	0.996037705314	0.104107881935
400.04283	399.609375	0.102915625558	0.996107116957	0.103317829786
400.03531	399.609375	0.101462695186	0.996174723949	0.101852308382
400.02798	399.609375	0.100709570687	0.996240588196	0.101089608153
400.02084	399.609375	0.0999692782329	0.996304768975	0.100340057928
400.01388	399.609375	0.0992414938429	0.996367323071	0.0996033205275
400.0071	399.609375	0.0985259043107	0.996428304897	0.0988790702015
400.00048	399.609375	0.0978222067628	0.996487766615	0.09816699215
399.99402	399.609375	0.0964077692795	0.996545758245	0.0967419393258
399.98773	399.609375	0.0957269384583	0.996602327769	0.0960532960751
399.98159	399.609375	0.0950571499967	0.996657521232	0.095375942058
399.97559	399.609375	0.0943981383046	0.996711382833	0.0947096019274
399.96974	399.609375	0.0937496462131	0.996763955012	0.0940540092182
399.96403	399.609375	0.0931114246446	0.996815278536	0.0934089059924
399.95845	399.609375	0.092483232298	0.996865392576	0.0927740425004
399.95301	399.609375	0.0911007394555	0.996914334782	0.0913827159236
399.94768	399.609375	0.0904918684938	0.996962141349	0.0907676076559
399.94249	399.609375	0.0898923475145	0.997008847092	0.0901620359505
399.93741	399.609375	0.0893019634271	0.997054485502	0.0895657807329
399.93244	399.609375	0.0887205095484	0.997099088806	0.0889786286483
399.92759	399.609375	0.0881477853639	0.997142688028	0.0884003728074
399.92284	399.609375	0.0875835963003	0.997185313039	0.0878308125431
399.91821	399.609375	0.0870277535078	0.99722699261	0.0872697531783
399.91367	399.609375	0.0864800736514	0.997267754457	0.0867170058041
399.90923	399.609375	0.085126406287	0.99730762529	0.0853562172075
399.90489	399.609375	0.0845944861824	0.997346630857	0.0848195437425
399.90064	399.609375	0.0840702109121	0.997384795983	0.0842906481538
400.09163	399.8046875	0.0835534172706	0.997422144608	0.0837693625735
400.08756	399.8046875	0.0830439466531	0.997458699831	0.0832555239302
400.08358	399.8046875	0.0825416448951	0.997494483936	0.0827489737782
400.07968	399.8046875	0.0820463621183	0.997529518435	0.0822495581354
400.07586	399.8046875	0.0815579525831	0.997563824095	0.0817571273268
400.07213	399.8046875	0.081076274547	0.997597420968	0.0812715358349
400.06846	399.8046875	0.0797262922598	0.997630328423	0.0799156661424
400.06488	399.8046875	0.0792576343266	0.997662565173	0.079443327928
400.06136	399.8046875	0.0787953059538	0.997694149302	0.0789774160838
400.05792	399.8046875	0.0783391800671	0.997725098286	0.0785178003456
400.05454	399.8046875	0.0778891329631	0.997755429025	0.0780643539462
400.05124	399.8046875	0.0774450441991	0.997785157857	0.0776169534988
400.04799	399.8046875	0.0770067964861	0.997814300587	0.0771754788851
400.04481	399.8046875	0.0765742755869	0.997842872504	0.0767398131479
400.0417	399.8046875	0.0761473702173	0.997870888404	0.0763098423877
400.03864	399.8046875	0.0757259719519	0.997898362605	0.0758854556633
400.03564	399.8046875	0.0753099751327	0.997925308968	0.0754665448966
400.0327	399.8046875	0.074899276782	0.997951740916	0.0750530047808
400.02981	399.8046875	0.0744937765176	0.997977671446	0.074644732692
400.02698	399.8046875	0.0731415021393	0.998003113148	0.0732878496828
400.02421	399.8046875	0.0727460790981	0.99802807822	0.0728898121061
400.02148	399.8046875	0.0723555682683	0.998052578483	0.0724967499992
400.0188	399.8046875	0.0719698788576	0.998076625393	0.0721085706514
400.01618	399.8046875	0.0715889222931	0.998100230056	0.0717251836412
400.0136	399.8046875	0.0712126121539	0.99812340324	0.0713465007661
400.01107	399.8046875	0.0708408641069	0.998146155389	0.0709724359748
400.00858	399.8046875	0.0704735958433	0.998168496631	0.0706029053022
400.00614	399.8046875	0.0701107270193	0.998190436793	0.0702378268064
400.00374	399.8046875	0.0697521791972	0.99821198541	0.0698771205082
400.00138	399.8046875	0.0693978757896	0.998233151735	0.0695207083326
399.99907	399.8046875	0.0690477420054	0.99825394475	0.0691685140525
399.9968	399.8046875	0.068701704797	0.998274373175	0.0688204632345
399.99456	399.8046875	0.0683596928107	0.998294445477	0.0684764831864
399.99237	399.8046875	0.0680216363373	0.998314169879	0.0681365029062
399.99021	399.8046875	0.0676874672651	0.998333554368	0.0678004530339
399.98809	399.8046875	0.067357119035	0.998352606703	0.0674682658038
399.98601	399.8046875	0.0659771239316	0.998371334424	0.0660847538954
399.98396	399.8046875	0.0656542010321	0.998389744857	0.0657600915577
399.98194	399.8046875	0.0653349085426	0.998407845124	0.0654390977211
399.97996	399.8046875	0.0650191856804	0.998425642148	0.0651217105567
399.97801	399.8046875	0.0647069730102	0.99844314266	0.0648078696177
399.9761	399.8046875	0.0643982124067	0.998460353205	0.0644975158002
399.97421	399.8046875	0.064092847019	0.99847728015	0.0641905913066
399.97236	399.8046875	0.0637908212359	0.998493929685	0.0638870396097
399.97054	399.8046875	0.063492080652	0.998510307837	0.0635868054177
399.96874	399.8046875	0.0631965720357	0.998526420466	0.0632898346408
399.96698	399.8046875	0.0629042432977	0.998542273278	0.0629960743587
399.96524	399.8046875	0.0626150434603	0.998557871823	0.0627054727894
399.96354	399.8046875	0.062328922628	0.998573221508	0.0624179792583
399.96185	399.8046875	0.0620458319592	0.998588327595	0.062133544169
399.9602	399.8046875	0.0617657236385	0.998603195206	0.0618521189748
399.95857	399.8046875	0.0614885508496	0.998617829333	0.061573656151
399.95697	399.8046875	0.06121426775	0.998632234834	0.0612981091684
399.95539	399.8046875	0.060942829445	0.998646416446	0.0610254324668
399.95383	399.8046875	0.0606741919644	0.998660378779	0.0607555814306
399.9523	399.8046875	0.0604083122378	0.998674126329	0.0604885123637
399.9508	399.8046875	0.0601451480726	0.998687663477	0.0602241824668
399.94931	399.8046875	0.0598846581311	0.998700994489	0.0599625498138
399.94785	399.8046875	0.0596268019096	0.998714123529	0.0597035733298
399.94641	399.8046875	0.0581752955924	0.998727054653	0.058249443951
399.945	399.8046875	0.0579225707392	0.998739791817	0.0579956573412
399.9436	399.8046875	0.0576723631438	0.998752338878	0.0577444085974
399.94222	399.8046875	0.0574246354295	0.998764699598	0.0574956598412
399.94087	399.8046875	0.057179350955	0.998776877646	0.057249373944
399.93953	399.8046875	0.0569364737964	0.998788876602	0.0570055145088
399.93822	399.8046875	0.0566959687299	0.998800699959	0.0567640458523
399.93692	399.8046875	0.0564578012146	0.998812351125	0.0565249329877
399.93564	399.8046875	0.0562219373764	0.998823833424	0.0562881416072
399.93438	399.8046875	0.0559883439915	0.998835150103	0.056053638066
399.93314	399.8046875	0.0557569884715	0.99884630433	0.0558213893667
399.93192	399.8046875	0.0555278388476	0.998857299197	0.0555913631429
399.93071	399.8046875	0.0553008637567	0.998868137724	0.0553635276451
399.92952	399.8046875	0.0550760324265	0.99887882286	0.0551378517254
399.92835	399.8046875	0.0548533146622	0.998889357484	0.0549143048239
399.92719	399.8046875	0.0546326808325	0.998899744408	0.0546928569543
399.92605	399.8046875	0.0544141018571	0.998909986378	0.0544734786909
399.92493	399.8046875	0.0541975491934	0.998920086078	0.0542561411556
399.92382	399.8046875	0.0539829948246	0.99893004613	0.0540408160049
399.92272	399.8046875	0.0537704112474	0.998939869094	0.0538274754177
399.92165	399.8046875	0.0535597714605	0.998949557474	0.0536160920837
399.92058	399.8046875	0.0533510489528	0.998959113716	0.0534066391911
399.91953	399.8046875	0.053144217693	0.99896854021	0.0531990904156
399.9185	399.8046875	0.0529392521182	0.998977839295	0.0529934199097
399.91748	399.8046875	0.0527361271236	0.998987013253	0.0527896022911
399.91647	399.8046875	0.0525348180527	0.99899606432	0.0525876126333
399.91547	399.8046875	0.0523353006865	0.999004994679	0.0523874264546
399.91449	399.8046875	0.0521375512348	0.999013806466	0.0521890197086
399.91353	399.8046875	0.051941546326	0.99902250177	0.0519923687744
399.91257	399.8046875	0.0517472629984	0.999031082634	0.0517974504477
399.91163	399.8046875	0.0515546786911	0.999039551057	0.0516042419308
399.9107	399.8046875	0.0513637712354	0.999047908993	0.0514127208245
399.90978	399.8046875	0.0511745188459	0.999056158355	0.0512228651192
399.90887	399.8046875	0.050986900113	0.999064301015	0.0510346531862
399.90798	399.8046875	0.0508008939942	0.999072338805	0.0508480637699
399.90709	399.8046875	0.0506164798067	0.999080273516	0.0506630759794
399.90622	399.8046875	0.0504336372193	0.999088106903	0.0504796692812
399.90536	399.8046875	0.0488326716509	0.999095840683	0.048876864123
400.09976	400.0	0.0486528999893	0.999103476537	0.0486965575958
400.09893	400.0	0.0484746411244	0.99911101611	0.0485177726426
400.0981	400.0	0.0482978760575	0.999118461015	0.048340490084
400.09728	400.0	0.0481225861064	0.999125812827	0.0481646910615
400.09647	400.0	0.047948752899	0.999133073092	0.0479903570308
400.09567	400.0	0.0477763583667	0.999140243324	0.0478174697556
400.09489	400.0	0.0476053847383	0.999147325004	0.0476460113008
400.09411	400.0	0.0474358145337	0.999154319584	0.0474759640267
400.09334	400.0	0.0472676305581	0.999161228485	0.0473073105827
400.09258	400.0	0.0471008158965	0.999168053101	0.0471400339016
400.09183	400.0	0.0469353539075	0.999174794796	0.0469741171934
400.09109	400.0	0.046771228218	0.999181454908	0.0468095439404
400.09036	400.0	0.046608422718	0.999188034748	0.046646297891
400.08963	400.0	0.0464469215553	0.9991945356	0.0464843630549
400.08892	400.0	0.0462867091301	0.999200958722	0.0463237236975
400.08821	400.0	0.0461277700902	0.999207305348	0.0461643643349
400.08751	400.0	0.0459700893262	0.999213576688	0.0460062697292
400.08683	400.0	0.0458136519666	0.999219773928	0.0458494248833
400.08614	400.0	0.0456584433729	0.999225898229	0.0456938150361
400.08547	400.0	0.0455044491357	0.999231950732	0.0455394256583
400.0848	400.0	0.0453516550696	0.999237932553	0.0453862424475
400.08415	400.0	0.0452000472091	0.999243844789	0.0452342513239
400.0835	400.0	0.0450496118045	0.999249688515	0.0450834384262
400.08285	400.0	0.0449003353177	0.999255464785	0.0449337901068
400.08222	400.0	0.0447522044177	0.999261174631	0.0447852929283
400.08159	400.0	0.0446052059774	0.99926681907	0.0446379336592
400.08097	400.0	0.0444593270693	0.999272399095	0.04449169927
400.08036	400.0	0.0443145549617	0.999277915682	0.0443465769294
400.07975	400.0	0.0441708771149	0.999283369789	0.0442025540005
400.07915	400.0	0.0440282811782	0.999288762357	0.0440596180371
400.07856	400.0	0.0438867549856	0.999294094306	0.0439177567802
400.07797	400.0	0.0437462865528	0.999299366541	0.0437769581544
400.07739	400.0	0.0436068640738	0.999304579952	0.0436372102646
400.07682	400.0	0.0434684759174	0.999309735408	0.0434985013927
400.07625	400.0	0.0433311106241	0.999314833767	0.0433608199938
400.07569	400.0	0.043194756903	0.999319875867	0.0432241546938
400.07513	400.0	0.0430594036288	0.999324862533	0.0430884942857
400.07458	400.0	0.0429250398384	0.999329794574	0.0429538277268
400.07404	400.0	0.0427916547282	0.999334672785	0.0428201441354
400.0735	400.0	0.0426592376514	0.999339497946	0.0426874327884
400.07297	400.0	0.0425277781148	0.999344270824	0.0425556831178
400.07245	400.0	0.0423972657762	0.999348992171	0.0424248847083
400.07193	400.0	0.0422676904419	0.999353662725	0.0422950272946
400.07141	400.0	0.0421390420637	0.999358283213	0.0421661007584
400.0709	400.0	0.0420113107365	0.999362854348	0.0420380951261
400.0704	400.0	0.0418844866957	0.999367376828	0.0419110005658
400.0699	400.0	0.0417585603148	0.999371851343	0.0417848073854
400.06941	400.0	0.0416335221029	0.999376278568	0.0416595060296
400.06892	400.0	0.0415093627023	0.999380659167	0.0415350870778
400.06844	400.0	0.0413860728864	0.999384993792	0.0414115412413
400.06796	400.0	0.0412636435569	0.999389283084	0.0412888593618
400.06749	400.0	0.0411420657423	0.999393527672	0.0411670324083
400.06702	400.0	0.041021330595	0.999397728176	0.0410460514753
400.06656	400.0	0.0409014293896	0.999401885204	0.0409259077805
400.0661	400.0	0.0407823535206	0.999405999354	0.040806592663
400.06565	400.0	0.0406640945006	0.999410071212	0.0406880975806
400.0652	400.0	0.0405466439579	0.999414101357	0.0405704141084
400.06476	400.0	0.0404299936349	0.999418090356	0.0404535339364
400.06432	400.0	0.0403141353859	0.999422038768	0.0403374488676
400.06388	400.0	0.0401990611754	0.99942594714	0.0402221508161
400.06345	400.0	0.0400847630762	0.999429816012	0.0401076318056
400.06303	400.0	0.0399712332673	0.999433645915	0.0399938839668
400.06261	400.0	0.0398584640327	0.99943743737	0.0398808995364
400.06219	400.0	0.0397464477591	0.99944119089	0.0397686708547
400.06177	400.0	0.0396351769346	0.999444906979	0.0396571903642
400.06137	400.0	0.0395246441465	0.999448586133	0.0395464506078
400.06096	400.0	0.0394148420805	0.99945222884	0.0394364442273
400.06056	400.0	0.0374547024582	0.999455835579	0.0374750950717
400.06016	400.0	0.0373463325767	0.999459406822	0.0373665326694
400.05977	400.0	0.0372386721169	0.999462943033	0.0372586821517
400.05938	400.0	0.037131714139	0.99946644467	0.0371515365393
400.05899	400.0	0.0370254517936	0.99946991218	0.037045088944
400.05861	400.0	0.0369198783198	0.999473346007	0.0369393325668
400.05823	400.0	0.0368149870442	0.999476746584	0.036834260697
400.05786	400.0	0.0367107713791	0.99948011434	0.0367298667101
400.05749	400.0	0.0366072248213	0.999483449695	0.0366261440672
400.05712	400.0	0.0365043409509	0.999486753064	0.0365230863131
400.05675	400.0	0.0364021134297	0.999490024854	0.036420687075
400.05639	400.0	0.0363005360001	0.999493265466	0.0363189400613
400.05604	400.0	0.0361996024836	0.999496475295	0.0362178390603
400.05568	400.0	0.03609930678	0.99949965473	0.0361173779392
400.05533	400.0	0.0359996428656	0.999502804154	0.0360175506421
400.05498	400.0	0.0359006047923	0.999505923941	0.0359183511897
400.05464	400.0	0.0358021866867	0.999509014464	0.0358197736775
400.0543	400.0	0.0357043827482	0.999512076087	0.0357218122746
400.05396	400.0	0.0356071872486	0.999515109169	0.0356244612232
400.05363	400.0	0.0355105945306	0.999518114063	0.0355277148367
400.0533	400.0	0.0354145990067	0.999521091118	0.0354315674991
400.05297	400.0	0.0353191951584	0.999524040677	0.0353360136635
400.05264	400.0	0.0352243775347	0.999526963077	0.0352410478516
400.05232	400.0	0.0351301407516	0.99952985865	0.0351466646519
400.052	400.0	0.0350364794905	0.999532727723	0.0350528587196
400.05169	400.0	0.0349433884978	0.999535570619	0.0349596247746
400.05137	400.0	0.0348508625834	0.999538387656	0.0348669576014
400.05106	400.0	0.03475889662	0.999541179145	0.0347748520474
400.05075	400.0	0.0346674855423	0.999543945396	0.0346833030224
400.05045	400.0	0.0345766243457	0.99954668671	0.0345923054975
400.05015	400.0	0.0344863080856	0.999549403387	0.0345018545044
400.04985	400.0	0.0343965318765	0.999552095722	0.0344119451339
400.04955	400.0	0.034307290891	0.999554764003	0.0343225725358
400.04926	400.0	0.0342185803593	0.999557408517	0.0342337319175
400.04896	400.0	0.0341303955678	0.999560029545	0.0341454185432
400.04868	400.0	0.0340427318588	0.999562627364	0.0340576277332
400.04839	400.0	0.0339555846292	0.999565202247	0.0339703548631
400.0481	400.0	0.03386894933	0.999567754464	0.0338835953629
400.04782	400.0	0.0337828214657	0.99957028428	0.033797344716
400.04754	400.0	0.0336971965928	0.999572791956	0.0337115984588
400.04727	400.0	0.0336120703199	0.999575277749	0.0336263521799
400.04699	400.0	0.0335274383064	0.999577741914	0.0335416015188
400.04672	400.0	0.0334432962618	0.9995801847	0.0334573421659
400.04645	400.0	0.0333596399454	0.999582606355	0.0333735698613
400.04618	400.0	0.0332764651649	0.99958500712	0.0332902803942
400.04592	400.0	0.0331937677764	0.999587387236	0.0332074696022
400.04566	400.0	0.0331115436833	0.999589746939	0.0331251333706
400.0454	400.0	0.0330297888355	0.999592086461	0.0330432676318
400.04514	400.0	0.0329484992294	0.999594406032	0.0329618683644
400.04488	400.0	0.0328676709064	0.999596705877	0.0328809315928
400.04463	400.0	0.0327872999528	0.999598986221	0.0328004533865
400.04438	400.0	0.0327073824991	0.999601247283	0.0327204298594
400.04413	400.0	0.0326279147192	0.999603489279	0.032640857169
400.04388	400.0	0.03254889283	0.999605712423	0.0325617315162
400.04364	400.0	0.0324703130906	0.999607916926	0.0324830491444
400.04339	400.0	0.032392171802	0.999610102996	0.0324048063389
400.04315	400.0	0.032314465306	0.999612270837	0.0323269994264
400.04291	400.0	0.0322371899854	0.999614420653	0.0322496247746
400.04267	400.0	0.0321603422625	0.999616552641	0.0321726787913
400.04244	400.0	0.0320839185996	0.999618666999	0.0320961579238
400.04221	400.0	0.0320079154974	0.999620763919	0.0320200586589
400.04197	400.0	0.0319323294953	0.999622843595	0.0319443775219
400.04174	400.0	0.0318571571705	0.999624906213	0.031869111076
400.04152	400.0	0.0317823951373	0.999626951961	0.0317942559222
400.04129	400.0	0.0317080400473	0.999628981021	0.0317198086983
400.04107	400.0	0.0316340885879	0.999630993574	0.031645766079
400.04084	400.0	0.0315605374828	0.999632989799	0.0315721247746
400.04062	400.0	0.0314873834907	0.999634969873	0.0314988815314
400.04041	400.0	0.0314146234053	0.999636933968	0.0314260331304
400.04019	400.0	0.0313422540548	0.999638882257	0.0313535763875
400.03997	400.0	0.0312702723013	0.999640814908	0.0312815081527
400.03976	400.0	0.0311986750403	0.999642732088	0.0312098253094
400.03955	400.0	0.0311274592005	0.999644633962	0.0311385247746
400.03934	400.0	0.0310566217431	0.999646520692	0.031067603498
400.03913	400.0	0.0309861596615	0.999648392439	0.0309970584616
400.03892	400.0	0.030916069981	0.999650249361	0.0309268866794
400.03872	400.0	0.0308463497581	0.999652091615	0.0308570851968
400.03852	400.0	0.0307769960802	0.999653919353	0.0307876510904
400.03831	400.0	0.0307080060653	0.999655732728	0.0307185814675
400.03811	400.0	0.0306393768615	0.999657531891	0.0306498734657
400.03792	400.0	0.0305711056467	0.999659316989	0.0305815242524
400.03772	400.0	0.0305031896279	0.999661088168	0.0305135310246
400.03752	400.0	0.0304356260415	0.999662845574	0.0304458910084
400.03733	400.0	0.030368412152	0.999664589347	0.0303786014586
400.03714	400.0	0.0303015452525	0.99966631963	0.0303116596584
400.03694	400.0	0.0302350226638	0.99966803656	0.030245062919
400.03676	400.0	0.0301688417342	0.999669740275	0.0301788085793
400.03657	400.0	0.0301029998392	0.999671430909	0.0301128940054
400.03638	400.0	0.030037494381	0.999673108598	0.0300473165905
400.0362	400.0	0.0299723227885	0.999674773471	0.0299820737542
400.03601	400.0	0.0299074825163	0.99967642566	0.0299171629426
400.03583	400.0	0.0298429710453	0.999678065293	0.0298525816274
400.03565	400.0	0.0297787858815	0.999679692497	0.0297883273063
400.03547	400.0	0.0297149245563	0.999681307396	0.0297243975019
400.03529	400.0	0.0296513846257	0.999682910116	0.029660789762
400.03511	400.0	0.0295881636703	0.999684500778	0.0295975016591
400.03494	400.0	0.0295252592951	0.999686079502	0.0295345307897
400.03476	400.0	0.0294626691287	0.999687646408	0.0294718747746
400.03459	400.0	0.0294003908236	0.999689201614	0.0294095312584
400.03442	400.0	0.0293384220554	0.999690745235	0.029347497909
400.03425	400.0	0.0292767605229	0.999692277386	0.0292857724173
400.03408	400.0	0.0292154039475	0.999693798181	0.0292243524974
400.03391	400.0	0.0291543500733	0.999695307732	0.0291632358857
400.03374	400.0	0.0290935966662	0.999696806149	0.0291024203411
400.03358	400.0	0.0290331415145	0.999698293541	0.0290419036444
400.03341	400.0	0.0289729824278	0.999699770017	0.0289816835982
400.03325	400.0	0.0289131172372	0.999701235683	0.0289217580265
400.03309	400.0	0.0288535437949	0.999702690643	0.0288621247746
400.03293	400.0	0.028794259974	0.999704135003	0.0288027817089
400.03277	400.0	0.0287352636683	0.999705568864	0.0287437267164
400.03261	400.0	0.0286765527918	0.999706992329	0.0286849577044
400.03245	400.0	0.0286181252787	0.999708405497	0.0286264726007
400.0323	400.0	0.0285599790831	0.999709808467	0.0285682693529
400.03214	400.0	0.0285021121787	0.999711201339	0.0285103459285
400.03199	400.0	0.0284445225588	0.999712584207	0.0284527003142
400.03183	400.0	0.0283872082355	0.999713957168	0.0283953305163
400.03168	400.0	0.0283301672402	0.999715320316	0.0283382345598
400.03153	400.0	0.0282733976228	0.999716673744	0.0282814104889
400.03138	400.0	0.0282168974518	0.999718017545	0.0282248563661
400.03123	400.0	0.028160664814	0.999719351809	0.0281685702723
400.03109	400.0	0.0281046978142	0.999720676627	0.0281125503066
400.03094	400.0	0.0280489945751	0.999721992088	0.028056794586
400.03079	400.0	0.027993553237	0.999723298279	0.0280013012452
400.03065	400.0	0.0279383719577	0.999724595288	0.0279460684366
400.03051	400.0	0.0278834489121	0.999725883199	0.0278910943297
400.03036	400.0	0.0278287822924	0.999727162099	0.0278363771111
400.03022	400.0	0.0277743703073	0.99972843207	0.0277819149844
400.03008	400.0	0.0277202111824	0.999729693197	0.02772770617
400.02994	400.0	0.0276663031596	0.99973094556	0.0276737489046
400.02981	400.0	0.027612644497	0.999732189241	0.0276200414413
400.02967	400.0	0.0275592334691	0.99973342432	0.0275665820495
400.02953	400.0	0.0275060683659	0.999734650875	0.0275133690143
400.0294	400.0	0.0274531474933	0.999735868986	0.0274604006367
400.02926	400.0	0.0274004691726	0.99973707873	0.0274076752334
400.02913	400.0	0.0273480317406	0.999738280182	0.0273551911362
400.02899	400.0	0.0272958335491	0.999739473419	0.0273029466924
400.02886	400.0	0.0272438729651	0.999740658516	0.0272509402644
400.02873	400.0	0.0271921483702	0.999741835545	0.0271991702292
400.0286	400.0	0.0271406581609	0.999743004581	0.0271476349787
400.02847	400.0	0.0270894007479	0.999744165695	0.0270963329194
400.02834	400.0	0.0270383745565	0.999745318958	0.0270452624722
400.02822	400.0	0.0269875780261	0.999746464443	0.0269944220719
400.02809	400.0	0.0269370096099	0.999747602217	0.0269438101679
400.02796	400.0	0.0268866677753	0.999748732351	0.0268934252231
400.02784	400.0	0.0268365510032	0.999749854912	0.0268432657142
400.02772	400.0	0.0267866577879	0.999750969968	0.0267933301318
400.02759	400.0	0.0267369866375	0.999752077586	0.0267436169795
400.02747	400.0	0.0266875360729	0.999753177832	0.0266941247746
400.02735	400.0	0.0266383046284	0.99975427077	0.0266448520474
400.02723	400.0	0.0265892908512	0.999755356466	0.026595797341
400.02711	400.0	0.0265404933012	0.999756434984	0.0265469592117
400.02699	400.0	0.0264919105511	0.999757506386	0.0264983362284
400.02687	400.0	0.026443541186	0.999758570735	0.0264499269724
400.02675	400.0	0.0263953838036	0.999759628093	0.0264017300378
400.02663	400.0	0.0263474370136	0.999760678521	0.0263537440307
400.02652	400.0	0.0262996994381	0.999761722079	0.0263059675694
400.0264	400.0	0.026252169711	0.999762758827	0.0262583992844
400.02629	400.0	0.026204846478	0.999763788824	0.0262110378181
400.02617	400.0	0.0261577283969	0.999764812129	0.0261638818245
400.02606	400.0	0.0261108141366	0.999765828799	0.0261169299694
400.02595	400.0	0.0260641023779	0.999766838892	0.0260701809301
400.02584	400.0	0.0260175918127	0.999767842464	0.0260236333953
400.02573	400.0	0.0259712811444	0.999768839572	0.025977286065
400.02562	400.0	0.0259251690872	0.99976983027	0.0259311376502
400.02551	400.0	0.0258792543666	0.999770814614	0.0258851868731
400.0254	400.0	0.0258335357187	0.999771792657	0.0258394324669
400.02529	400.0	0.0257880118906	0.999772764454	0.0257938731755
400.02518	400.0	0.02574268164	0.999773730057	0.0257485077534
400.02508	400.0	0.025697543735	0.999774689519	0.0257033349657
400.02497	400.0	0.0256525969542	0.999775642892	0.0256583535882
400.02486	400.0	0.0256078400866	0.999776590228	0.0256135624068
400.02476	400.0	0.0255632719314	0.999777531577	0.0255689602177
400.02466	400.0	0.0255188912978	0.999778466989	0.0255245458273
400.02455	400.0	0.025474697005	0.999779396514	0.0254803180519
400.02445	400.0	0.0254306878821	0.999780320203	0.025436275718
400.02435	400.0	0.0253868627682	0.999781238102	0.0253924176617
400.02425	400.0	0.0253432205117	0.999782150261	0.0253487427287
400.02414	400.0	0.025299759971	0.999783056728	0.0253052497746
400.02404	400.0	0.0252564800135	0.999783957549	0.0252619376644
400.02394	400.0	0.0252133795165	0.999784852772	0.0252188052726
400.02385	400.0	0.0251704573663	0.999785742443	0.0251758514827
400.02375	400.0	0.0251277124583	0.999786626607	0.0251330751879
400.02365	400.0	0.0250851436973	0.99978750531	0.0250904752901
400.02355	400.0	0.0250427499969	0.999788378597	0.0250480507006
400.02346	400.0	0.0250005302797	0.999789246512	0.0250058003393
400.02336	400.0	0.0249584834769	0.999790109099	0.0249637231353
400.02326	400.0	0.0249166085289	0.999790966402	0.0249218180262
400.02317	400.0	0.0248749043842	0.999791818463	0.0248800839583
400.02308	400.0	0.0248333700002	0.999792665326	0.0248385198867
400.02298	400.0	0.0247920043428	0.999793507033	0.0247971247746
400.02289	400.0	0.0247508063859	0.999794343625	0.0247558975941
400.0228	400.0	0.0247097751122	0.999795175144	0.0247148373252
400.0227	400.0	0.0246689095123	0.99979600163	0.0246739429565
400.02261	400.0	0.024628208585	0.999796823124	0.0246332134843
400.02252	400.0	0.024587671337	0.999797639667	0.0245926479135
400.02243	400.0	0.0245472967834	0.999798451298	0.0245522452566
400.02234	400.0	0.0245070839467	0.999799258056	0.0245120045342
400.02225	400.0	0.0244670318575	0.99980005998	0.0244719247746
